0.000000
0.020634 2.069269
0.104137 2.011542
0.089024 2.053986
0.058903 1.949353
0.035450 1.952526
0.091926 1.934668
0.093052 1.968841
0.028145 1.870676
0.081114 1.898379
0.030677 1.841179
0.064934 1.897247
0.026319 1.805855
-0.031755 1.797696
-0.005854 1.782986
-0.055355 1.717709
-0.067884 1.762480
-0.095078 1.704179
-0.077912 1.724293
-0.051562 1.689663
-0.088945 1.690376
-0.152135 1.648240
-0.142120 1.609847
-0.074088 1.633092
-0.093394 1.553071
-0.073216 1.570497
-0.114293 1.569744
-0.064170 1.533983
-0.016742 1.497034
0.006792 1.484771
0.079747 1.502142
0.074491 1.465845
0.127263 1.464937
0.124737 1.426288
0.158047 1.361685
0.284069 1.382155
0.262635 1.359296
0.342451 1.354088
0.300230 1.296763
0.400804 1.264587
0.376793 1.293246
0.408518 1.225022
0.407831 1.193073
0.384074 1.179497
0.341603 1.217035
0.324700 1.120930
0.259031 1.107578
0.176530 1.104175
0.173427 1.103536
0.105949 1.033921
-0.004958 1.011980
-0.075456 1.009094
-0.068937 1.037541
-0.212454 1.044598
-0.250909 0.996372
-0.254233 0.989184
-0.332554 0.953666
-0.354267 0.899355
-0.422645 0.934687
-0.447806 0.875843
-0.448981 0.816214
-0.377118 0.847548
-0.349102 0.854945
-0.413030 0.816737
-0.282650 0.819746
-0.303655 0.744898
-0.165720 0.758570
-0.104311 0.672115
-0.084192 0.694041
0.054385 0.649422
0.128334 0.646861
0.213067 0.621375
0.287483 0.573697
0.367043 0.640419
0.508000 0.569382
0.580214 0.521119
0.630311 0.560101
0.644125 0.562811
0.656359 0.515481
0.685391 0.463853
0.720857 0.433068
0.643787 0.446611
0.583985 0.405363
0.604271 0.439266
0.450021 0.389240
0.364549 0.378660
0.290681 0.289434
0.226448 0.338140
0.076651 0.286665
-0.047273 0.305415
-0.108946 0.291606
-0.262240 0.217304
-0.299481 0.180793
-0.427851 0.174142
-0.582953 0.150295
-0.628760 0.168374
-0.645496 0.092383
-0.690131 0.069020
-0.740145 0.085831
-0.702810 0.094490
-0.727086 0.015075
