0.031733
0.019342 2.069269
0.100874 2.011542
0.087387 2.053986
0.056726 1.949353
0.033050 1.952526
0.090303 1.934668
0.089326 1.968841
0.024227 1.870676
0.075973 1.898379
0.026572 1.841179
0.059570 1.897247
0.022782 1.805855
-0.035421 1.797696
-0.010267 1.782986
-0.060303 1.717709
-0.071269 1.762480
-0.098254 1.704179
-0.079603 1.724293
-0.052733 1.689663
-0.089868 1.690376
-0.151926 1.648240
-0.142023 1.609847
-0.074103 1.633092
-0.092298 1.553071
-0.071765 1.570497
-0.109566 1.569744
-0.059742 1.533983
-0.011278 1.497034
0.012734 1.484771
0.086791 1.502142
0.081663 1.465845
0.132558 1.464937
0.130933 1.426288
0.163583 1.361685
0.288134 1.382155
0.267582 1.359296
0.343375 1.354088
0.301280 1.296763
0.401367 1.264587
0.374410 1.293246
0.404926 1.225022
0.401912 1.193073
0.377196 1.179497
0.331511 1.217035
0.315513 1.120930
0.247745 1.107578
0.165556 1.104175
0.159802 1.103536
0.093522 1.033921
-0.018532 1.011980
-0.089070 1.009094
-0.083393 1.037541
-0.225038 1.044598
-0.262738 0.996372
-0.264218 0.989184
-0.342543 0.953666
-0.362071 0.899355
-0.425809 0.934687
-0.451374 0.875843
-0.447573 0.816214
-0.373702 0.847548
-0.342585 0.854945
-0.406765 0.816737
-0.272873 0.819746
-0.292470 0.744898
-0.153023 0.758570
-0.089200 0.672115
-0.069621 0.694041
0.070564 0.649422
0.143696 0.646861
0.229499 0.621375
0.302446 0.573697
0.380113 0.640419
0.519494 0.569382
0.589860 0.521119
0.637940 0.560101
0.647570 0.562811
0.658003 0.515481
0.681877 0.463853
0.714630 0.433068
0.634747 0.446611
0.571988 0.405363
0.589181 0.439266
0.433622 0.389240
0.345138 0.378660
0.268687 0.289434
0.204845 0.338140
0.051847 0.286665
-0.069826 0.305415
-0.134044 0.291606
-0.283743 0.217304
-0.320615 0.180793
-0.447120 0.174142
-0.599494 0.150295
-0.641812 0.168374
-0.654067 0.092383
-0.695072 0.069020
-0.742680 0.085831
-0.701729 0.094490
-0.722476 0.015075
