0.317333
0.006998 2.069269
0.067359 2.011542
0.068917 2.053986
0.034844 1.949353
0.010251 1.952526
0.071834 1.934668
0.052215 1.968841
-0.011646 1.870676
0.026905 1.898379
-0.011072 1.841179
0.009265 1.897247
-0.009646 1.805855
-0.066373 1.797696
-0.048991 1.782986
-0.101522 1.717709
-0.098117 1.762480
-0.122030 1.704179
-0.091039 1.724293
-0.060757 1.689663
-0.094026 1.690376
-0.143238 1.648240
-0.134767 1.609847
-0.070903 1.633092
-0.078417 1.553071
-0.055653 1.570497
-0.062664 1.569744
-0.017732 1.533983
0.037750 1.497034
0.064922 1.484771
0.145439 1.502142
0.141672 1.465845
0.173608 1.464937
0.180060 1.426288
0.205384 1.361685
0.311274 1.382155
0.299476 1.359296
0.336128 1.354088
0.297060 1.296763
0.388316 1.264587
0.336408 1.293246
0.354821 1.225022
0.331278 1.193073
0.299157 1.179497
0.226984 1.217035
0.219749 1.120930
0.136378 1.107578
0.060664 1.104175
0.031633 1.103536
-0.021038 1.033921
-0.138230 1.011980
-0.205952 1.009094
-0.208001 1.037541
-0.326663 1.044598
-0.355955 0.996372
-0.340991 0.989184
-0.415842 0.953666
-0.415084 0.899355
-0.434750 0.934687
-0.462756 0.875843
-0.414934 0.816214
-0.326560 0.847548
-0.269307 0.854945
-0.332835 0.816737
-0.173777 0.819746
-0.180000 0.744898
-0.033396 0.758570
0.048993 0.672115
0.062897 0.694041
0.211057 0.649422
0.273641 0.646861
0.365085 0.621375
0.421711 0.573697
0.479073 0.640419
0.598186 0.569382
0.648979 0.521119
0.676993 0.560101
0.649033 0.562811
0.643004 0.515481
0.620000 0.463853
0.627190 0.433068
0.525928 0.446611
0.439734 0.405363
0.428686 0.439266
0.268497 0.389240
0.157257 0.378660
0.061305 0.289434
0.003800 0.338140
-0.170732 0.286665
-0.266950 0.305415
-0.350878 0.291606
-0.461924 0.217304
-0.493857 0.180793
-0.598106 0.174142
-0.719406 0.150295
-0.728844 0.168374
-0.700749 0.092383
-0.707685 0.069020
-0.731787 0.085831
-0.660571 0.094490
-0.649039 0.015075
