0.349066
0.005572 2.069269
0.063243 2.011542
0.066488 2.053986
0.032203 1.949353
0.007632 1.952526
0.069391 1.934668
0.047771 1.968841
-0.015627 1.870676
0.021243 1.898379
-0.015256 1.841179
0.003553 1.897247
-0.013249 1.805855
-0.069523 1.797696
-0.053104 1.782986
-0.105650 1.717709
-0.100644 1.762480
-0.124090 1.704179
-0.091866 1.724293
-0.061353 1.689663
-0.094018 1.690376
-0.141534 1.648240
-0.133268 1.609847
-0.070183 1.633092
-0.076456 1.553071
-0.053556 1.570497
-0.057064 1.569744
-0.012911 1.533983
0.043081 1.497034
0.070470 1.484771
0.151307 1.502142
0.147713 1.465845
0.177351 1.464937
0.184680 1.426288
0.209051 1.361685
0.312303 1.382155
0.301551 1.359296
0.333609 1.354088
0.295080 1.296763
0.384879 1.264587
0.330424 1.293246
0.347381 1.225022
0.321646 1.193073
0.288853 1.179497
0.214063 1.217035
0.207851 1.120930
0.123145 1.107578
0.048544 1.104175
0.017038 1.103536
-0.033833 1.033921
-0.151010 1.011980
-0.218071 1.009094
-0.220980 1.037541
-0.336453 1.044598
-0.364650 0.996372
-0.347910 0.989184
-0.421991 0.953666
-0.418952 0.899355
-0.433555 0.934687
-0.461694 0.875843
-0.409156 0.816214
-0.319597 0.847548
-0.259691 0.854945
-0.322824 0.816737
-0.161737 0.819746
-0.166423 0.744898
-0.019755 0.758570
0.064308 0.672115
0.077502 0.694041
0.225810 0.649422
0.286888 0.646861
0.378505 0.621375
0.433006 0.573697
0.487791 0.640419
0.604018 0.569382
0.652349 0.521119
0.677961 0.560101
0.645911 0.562811
0.638058 0.515481
0.609891 0.463853
0.614166 0.433068
0.511010 0.446611
0.422613 0.405363
0.408440 0.439266
0.248541 0.389240
0.135302 0.378660
0.037639 0.289434
-0.018860 0.338140
-0.194933 0.286665
-0.287797 0.305415
-0.373520 0.291606
-0.479650 0.217304
-0.510865 0.180793
-0.612080 0.174142
-0.729266 0.150295
-0.734954 0.168374
-0.702457 0.092383
-0.705521 0.069020
-0.726854 0.085831
-0.652590 0.094490
-0.637481 0.015075
