0.380799
0.004141 2.069269
0.059064 2.011542
0.063992 2.053986
0.029530 1.949353
0.005004 1.952526
0.066877 1.934668
0.043279 1.968841
-0.019592 1.870676
0.015560 1.898379
-0.019423 1.841179
-0.002162 1.897247
-0.016839 1.805855
-0.072603 1.797696
-0.057163 1.782986
-0.109671 1.717709
-0.103069 1.762480
-0.126024 1.704179
-0.092600 1.724293
-0.061887 1.689663
-0.093916 1.690376
-0.139687 1.648240
-0.131634 1.609847
-0.069393 1.633092
-0.074419 1.553071
-0.051406 1.570497
-0.051407 1.569744
-0.008077 1.533983
0.048367 1.497034
0.075948 1.484771
0.157023 1.502142
0.153604 1.465845
0.180916 1.464937
0.189115 1.426288
0.212507 1.361685
0.313018 1.382155
0.303322 1.359296
0.330754 1.354088
0.292803 1.296763
0.381055 1.264587
0.324108 1.293246
0.339591 1.225022
0.311689 1.193073
0.278258 1.179497
0.200926 1.217035
0.195744 1.120930
0.109789 1.107578
0.036375 1.104175
0.002427 1.103536
-0.046593 1.033921
-0.163638 1.011980
-0.229971 1.009094
-0.233737 1.037541
-0.345904 1.044598
-0.372978 0.996372
-0.354478 0.989184
-0.427714 0.953666
-0.422398 0.899355
-0.431924 0.934687
-0.460167 0.875843
-0.402967 0.816214
-0.312312 0.847548
-0.249813 0.854945
-0.312487 0.816737
-0.149534 0.819746
-0.152677 0.744898
-0.006094 0.758570
0.079558 0.672115
0.092030 0.694041
0.240335 0.649422
0.299847 0.646861
0.391544 0.621375
0.443865 0.573697
0.496018 0.640419
0.609242 0.569382
0.655063 0.521119
0.678248 0.560101
0.642137 0.562811
0.632469 0.515481
0.599168 0.463853
0.600523 0.433068
0.495576 0.446611
0.405066 0.405363
0.387783 0.439266
0.228334 0.389240
0.113210 0.378660
0.013936 0.289434
-0.041502 0.338140
-0.218938 0.286665
-0.308355 0.305415
-0.395786 0.291606
-0.496894 0.217304
-0.527359 0.180793
-0.625438 0.174142
-0.738392 0.150295
-0.740323 0.168374
-0.703457 0.092383
-0.702647 0.069020
-0.721188 0.085831
-0.643952 0.094490
-0.625281 0.015075
