0.412532
0.002705 2.069269
0.054825 2.011542
0.061432 2.053986
0.026827 1.949353
0.002372 1.952526
0.064296 1.934668
0.038744 1.968841
-0.023538 1.870676
0.009860 1.898379
-0.023572 1.841179
-0.007876 1.897247
-0.020412 1.805855
-0.075609 1.797696
-0.061165 1.782986
-0.113582 1.717709
-0.105391 1.762480
-0.127832 1.704179
-0.093241 1.724293
-0.062359 1.689663
-0.093719 1.690376
-0.137700 1.648240
-0.129867 1.609847
-0.068533 1.633092
-0.072306 1.553071
-0.049204 1.570497
-0.045698 1.569744
-0.003235 1.533983
0.053605 1.497034
0.081349 1.484771
0.162581 1.502142
0.159341 1.465845
0.184299 1.464937
0.193359 1.426288
0.215750 1.361685
0.313417 1.382155
0.304788 1.359296
0.327567 1.354088
0.290231 1.296763
0.376847 1.264587
0.317465 1.293246
0.331459 1.225022
0.301419 1.193073
0.267383 1.179497
0.187587 1.217035
0.183440 1.120930
0.096322 1.107578
0.024169 1.104175
-0.012187 1.103536
-0.059307 1.033921
-0.176101 1.011980
-0.241640 1.009094
-0.246258 1.037541
-0.355007 1.044598
-0.380930 0.996372
-0.360690 0.989184
-0.433007 0.953666
-0.425418 0.899355
-0.429857 0.934687
-0.458177 0.875843
-0.396372 0.816214
-0.304713 0.847548
-0.239683 0.854945
-0.301836 0.816737
-0.137180 0.819746
-0.138778 0.744898
0.007573 0.758570
0.094728 0.672115
0.106464 0.694041
0.254619 0.649422
0.312505 0.646861
0.404189 0.621375
0.454277 0.573697
0.503745 0.640419
0.613852 0.569382
0.657117 0.521119
0.677851 0.560101
0.637718 0.562811
0.626244 0.515481
0.587842 0.463853
0.586276 0.433068
0.479644 0.446611
0.387111 0.405363
0.366735 0.439266
0.207898 0.389240
0.091005 0.378660
-0.009781 0.289434
-0.064101 0.338140
-0.242723 0.286665
-0.328602 0.305415
-0.417653 0.291606
-0.513637 0.217304
-0.543323 0.180793
-0.638166 0.174142
-0.746775 0.150295
-0.744947 0.168374
-0.703749 0.092383
-0.699065 0.069020
-0.714797 0.085831
-0.634666 0.094490
-0.612452 0.015075
