0.444266
0.001267 2.069269
0.050531 2.011542
0.058809 2.053986
0.024097 1.949353
-0.000262 1.952526
0.061650 1.934668
0.034169 1.968841
-0.027460 1.870676
0.004151 1.898379
-0.027696 1.841179
-0.013582 1.897247
-0.023964 1.805855
-0.078539 1.797696
-0.065105 1.782986
-0.117378 1.717709
-0.107606 1.762480
-0.129511 1.704179
-0.093788 1.724293
-0.062768 1.689663
-0.093427 1.690376
-0.135574 1.648240
-0.127970 1.609847
-0.067604 1.633092
-0.070121 1.553071
-0.046952 1.570497
-0.039944 1.569744
0.001610 1.533983
0.058790 1.497034
0.086668 1.484771
0.167975 1.502142
0.164918 1.465845
0.187496 1.464937
0.197408 1.426288
0.218776 1.361685
0.313501 1.382155
0.305946 1.359296
0.324049 1.354088
0.287367 1.296763
0.372259 1.264587
0.310503 1.293246
0.322994 1.225022
0.290845 1.193073
0.256239 1.179497
0.174059 1.217035
0.170951 1.120930
0.082757 1.107578
0.011940 1.104175
-0.026789 1.103536
-0.071961 1.033921
-0.188387 1.011980
-0.253065 1.009094
-0.258532 1.037541
-0.363752 1.044598
-0.388498 0.996372
-0.366538 0.989184
-0.437864 0.953666
-0.428010 0.899355
-0.427358 0.934687
-0.455725 0.875843
-0.389377 0.816214
-0.296807 0.847548
-0.229313 0.854945
-0.290880 0.816737
-0.124688 0.819746
-0.124739 0.744898
0.021233 0.758570
0.109803 0.672115
0.120791 0.694041
0.268646 0.649422
0.324847 0.646861
0.416427 0.621375
0.464232 0.573697
0.510966 0.640419
0.617845 0.569382
0.658509 0.521119
0.676772 0.560101
0.632656 0.562811
0.619388 0.515481
0.575924 0.463853
0.571439 0.433068
0.463228 0.446611
0.368767 0.405363
0.345318 0.439266
0.187253 0.389240
0.068708 0.378660
-0.033488 0.289434
-0.086636 0.338140
-0.266263 0.286665
-0.348518 0.305415
-0.439100 0.291606
-0.529863 0.217304
-0.558739 0.180793
-0.650251 0.174142
-0.754405 0.150295
-0.748821 0.168374
-0.703333 0.092383
-0.694779 0.069020
-0.707685 0.085831
-0.624740 0.094490
-0.599006 0.015075
