0.475999
-0.000172 2.069269
0.046187 2.011542
0.056128 2.053986
0.021343 1.949353
-0.002897 1.952526
0.058943 1.934668
0.029560 1.968841
-0.031354 1.870676
-0.001562 1.898379
-0.031793 1.841179
-0.019274 1.897247
-0.027492 1.805855
-0.081391 1.797696
-0.068980 1.782986
-0.121057 1.717709
-0.109713 1.762480
-0.131059 1.704179
-0.094241 1.724293
-0.063114 1.689663
-0.093041 1.690376
-0.133312 1.648240
-0.125944 1.609847
-0.066607 1.633092
-0.067865 1.553071
-0.044653 1.570497
-0.034149 1.569744
0.006454 1.533983
0.063914 1.497034
0.091900 1.484771
0.173200 1.502142
0.170329 1.465845
0.190505 1.464937
0.201259 1.426288
0.221581 1.361685
0.313270 1.382155
0.306797 1.359296
0.320206 1.354088
0.284213 1.296763
0.367297 1.264587
0.303228 1.293246
0.314203 1.225022
0.279979 1.193073
0.244837 1.179497
0.160356 1.217035
0.158290 1.120930
0.069110 1.107578
-0.000302 1.104175
-0.041363 1.103536
-0.084543 1.033921
-0.200483 1.011980
-0.264235 1.009094
-0.270545 1.037541
-0.372132 1.044598
-0.395676 0.996372
-0.372018 0.989184
-0.442280 0.953666
-0.430172 0.899355
-0.424428 0.934687
-0.452814 0.875843
-0.381991 0.816214
-0.288602 0.847548
-0.218711 0.854945
-0.279632 0.816737
-0.112071 0.819746
-0.110575 0.744898
0.034871 0.758570
0.124767 0.672115
0.134997 0.694041
0.282402 0.649422
0.336862 0.646861
0.428245 0.621375
0.473719 0.573697
0.517671 0.640419
0.621215 0.569382
0.659239 0.521119
0.675011 0.560101
0.626957 0.562811
0.611908 0.515481
0.563426 0.463853
0.556026 0.433068
0.446347 0.446611
0.350051 0.405363
0.323554 0.439266
0.166419 0.389240
0.046342 0.378660
-0.057162 0.289434
-0.109084 0.338140
-0.289535 0.286665
-0.368084 0.305415
-0.460104 0.291606
-0.545555 0.217304
-0.573592 0.180793
-0.661682 0.174142
-0.761276 0.150295
-0.751941 0.168374
-0.702208 0.092383
-0.689793 0.069020
-0.699862 0.085831
-0.614185 0.094490
-0.584957 0.015075
