0.507732
-0.001612 2.069269
0.041795 2.011542
0.053390 2.053986
0.018567 1.949353
-0.005528 1.952526
0.056175 1.934668
0.024922 1.968841
-0.035216 1.870676
-0.007274 1.898379
-0.035858 1.841179
-0.024946 1.897247
-0.030993 1.805855
-0.084160 1.797696
-0.072785 1.782986
-0.124613 1.717709
-0.111710 1.762480
-0.132476 1.704179
-0.094599 1.724293
-0.063397 1.689663
-0.092562 1.690376
-0.130916 1.648240
-0.123791 1.609847
-0.065543 1.633092
-0.065541 1.553071
-0.042309 1.570497
-0.028319 1.569744
0.011291 1.533983
0.068975 1.497034
0.097039 1.484771
0.178250 1.502142
0.175568 1.465845
0.193321 1.464937
0.204907 1.426288
0.224163 1.361685
0.312723 1.382155
0.307339 1.359296
0.316039 1.354088
0.280773 1.296763
0.361965 1.264587
0.295648 1.293246
0.305096 1.225022
0.268830 1.193073
0.233188 1.179497
0.146491 1.217035
0.145470 1.120930
0.055393 1.107578
-0.012544 1.104175
-0.055896 1.103536
-0.097039 1.033921
-0.212377 1.011980
-0.275140 1.009094
-0.282286 1.037541
-0.380136 1.044598
-0.402455 0.996372
-0.377122 0.989184
-0.446250 0.953666
-0.431900 0.899355
-0.421071 0.934687
-0.449448 0.875843
-0.374220 0.816214
-0.280106 0.847548
-0.207889 0.854945
-0.268103 0.816737
-0.099341 0.819746
-0.096299 0.744898
0.048474 0.758570
0.139605 0.672115
0.149067 0.694041
0.295875 0.649422
0.348539 0.646861
0.439632 0.621375
0.482730 0.573697
0.523856 0.640419
0.623960 0.569382
0.659304 0.521119
0.672570 0.560101
0.620627 0.562811
0.603812 0.515481
0.550361 0.463853
0.540053 0.433068
0.429016 0.446611
0.330983 0.405363
0.301463 0.439266
0.145417 0.389240
0.023929 0.378660
-0.080778 0.289434
-0.131422 0.338140
-0.312516 0.286665
-0.387278 0.305415
-0.480646 0.291606
-0.560698 0.217304
-0.587868 0.180793
-0.672446 0.174142
-0.767380 0.150295
-0.754304 0.168374
-0.700376 0.092383
-0.684113 0.069020
-0.691333 0.085831
-0.603012 0.094490
-0.570319 0.015075
