0.539465
-0.003049 2.069269
0.037362 2.011542
0.050598 2.053986
0.015773 1.949353
-0.008154 1.952526
0.053352 1.934668
0.020258 1.968841
-0.039044 1.870676
-0.012978 1.898379
-0.039887 1.841179
-0.030593 1.897247
-0.034462 1.805855
-0.086845 1.797696
-0.076517 1.782986
-0.128044 1.717709
-0.113594 1.762480
-0.133759 1.704179
-0.094861 1.724293
-0.063615 1.689663
-0.091989 1.690376
-0.128387 1.648240
-0.121514 1.609847
-0.064412 1.633092
-0.063151 1.553071
-0.039923 1.570497
-0.022462 1.569744
0.016117 1.533983
0.073966 1.497034
0.102081 1.484771
0.183121 1.502142
0.180630 1.465845
0.195943 1.464937
0.208348 1.426288
0.226519 1.361685
0.311861 1.382155
0.307572 1.359296
0.311555 1.354088
0.277051 1.296763
0.356268 1.264587
0.287770 1.293246
0.295682 1.225022
0.257411 1.193073
0.221305 1.179497
0.132479 1.217035
0.132503 1.120930
0.041620 1.107578
-0.024773 1.104175
-0.070373 1.103536
-0.109438 1.033921
-0.224057 1.011980
-0.285767 1.009094
-0.293743 1.037541
-0.387758 1.044598
-0.408828 0.996372
-0.381847 0.989184
-0.449771 0.953666
-0.433193 0.899355
-0.417290 0.934687
-0.445629 0.875843
-0.366072 0.816214
-0.271328 0.847548
-0.196858 0.854945
-0.256303 0.816737
-0.086511 0.819746
-0.081927 0.744898
0.062028 0.758570
0.154303 0.672115
0.162986 0.694041
0.309049 0.649422
0.359864 0.646861
0.450577 0.621375
0.491254 0.573697
0.529513 0.640419
0.626076 0.569382
0.658706 0.521119
0.669453 0.560101
0.613672 0.562811
0.595109 0.515481
0.536741 0.463853
0.523536 0.433068
0.411252 0.446611
0.311581 0.405363
0.279069 0.439266
0.124269 0.389240
0.001492 0.378660
-0.104313 0.289434
-0.153628 0.338140
-0.335182 0.286665
-0.406083 0.305415
-0.500703 0.291606
-0.575277 0.217304
-0.601552 0.180793
-0.682533 0.174142
-0.772712 0.150295
-0.755907 0.168374
-0.697839 0.092383
-0.677744 0.069020
-0.682108 0.085831
-0.591232 0.094490
-0.555106 0.015075
