0.571199
-0.004484 2.069269
0.032891 2.011542
0.047755 2.053986
0.012962 1.949353
-0.010771 1.952526
0.050474 1.934668
0.015574 1.968841
-0.042831 1.870676
-0.018670 1.898379
-0.043875 1.841179
-0.036210 1.897247
-0.037897 1.805855
-0.089442 1.797696
-0.080172 1.782986
-0.131346 1.717709
-0.115363 1.762480
-0.134908 1.704179
-0.095028 1.724293
-0.063769 1.689663
-0.091324 1.690376
-0.125730 1.648240
-0.119114 1.609847
-0.063217 1.633092
-0.060697 1.553071
-0.037496 1.570497
-0.016581 1.569744
0.020926 1.533983
0.078883 1.497034
0.107020 1.484771
0.187807 1.502142
0.185510 1.465845
0.198368 1.464937
0.211580 1.426288
0.228647 1.361685
0.310685 1.382155
0.307495 1.359296
0.306757 1.354088
0.273050 1.296763
0.350213 1.264587
0.279602 1.293246
0.285970 1.225022
0.245733 1.193073
0.209199 1.179497
0.118333 1.217035
0.119402 1.120930
0.027805 1.107578
-0.036977 1.104175
-0.084779 1.103536
-0.121727 1.033921
-0.235512 1.011980
-0.296106 1.009094
-0.304904 1.037541
-0.394989 1.044598
-0.414791 0.996372
-0.386188 0.989184
-0.452840 0.953666
-0.434050 0.899355
-0.413088 0.934687
-0.441361 0.875843
-0.357556 0.816214
-0.262277 0.847548
-0.185628 0.854945
-0.244245 0.816737
-0.073594 0.819746
-0.067471 0.744898
0.075520 0.758570
0.168845 0.672115
0.176742 0.694041
0.321912 0.649422
0.370827 0.646861
0.461068 0.621375
0.499284 0.573697
0.534636 0.640419
0.627562 0.569382
0.657444 0.521119
0.665661 0.560101
0.606099 0.562811
0.585805 0.515481
0.522581 0.463853
0.506492 0.433068
0.393075 0.446611
0.291866 0.405363
0.256394 0.439266
0.102996 0.389240
-0.020947 0.378660
-0.127743 0.289434
-0.175679 0.338140
-0.357510 0.286665
-0.424479 0.305415
-0.520256 0.291606
-0.589276 0.217304
-0.614630 0.180793
-0.691933 0.174142
-0.777266 0.150295
-0.756749 0.168374
-0.694599 0.092383
-0.670693 0.069020
-0.672197 0.085831
-0.578857 0.094490
-0.539335 0.015075
