0.602932
-0.005914 2.069269
0.028387 2.011542
0.044864 2.053986
0.010139 1.949353
-0.013378 1.952526
0.047546 1.934668
0.010874 1.968841
-0.046576 1.870676
-0.024342 1.898379
-0.047819 1.841179
-0.041790 1.897247
-0.041293 1.805855
-0.091949 1.797696
-0.083746 1.782986
-0.134516 1.717709
-0.117017 1.762480
-0.135920 1.704179
-0.095100 1.724293
-0.063860 1.689663
-0.090567 1.690376
-0.122945 1.648240
-0.116594 1.609847
-0.061959 1.633092
-0.058182 1.553071
-0.035031 1.570497
-0.010684 1.569744
0.025715 1.533983
0.083720 1.497034
0.111851 1.484771
0.192305 1.502142
0.190204 1.465845
0.200593 1.464937
0.214599 1.426288
0.230545 1.361685
0.309196 1.382155
0.307108 1.359296
0.301650 1.354088
0.268773 1.296763
0.343805 1.264587
0.271153 1.293246
0.275970 1.225022
0.233807 1.193073
0.196882 1.179497
0.104068 1.217035
0.106182 1.120930
0.013963 1.107578
-0.049143 1.104175
-0.099099 1.103536
-0.133893 1.033921
-0.246729 1.011980
-0.306148 1.009094
-0.315758 1.037541
-0.401823 1.044598
-0.420335 0.996372
-0.390139 0.989184
-0.455452 0.953666
-0.434470 0.899355
-0.408471 0.934687
-0.436649 0.875843
-0.348679 0.816214
-0.252962 0.847548
-0.174212 0.854945
-0.231942 0.816737
-0.060602 0.819746
-0.052948 0.744898
0.088936 0.758570
0.183218 0.672115
0.190319 0.694041
0.334451 0.649422
0.381416 0.646861
0.471094 0.621375
0.506811 0.573697
0.539222 0.640419
0.628416 0.569382
0.655521 0.521119
0.661199 0.560101
0.597916 0.562811
0.575913 0.515481
0.507895 0.463853
0.488939 0.433068
0.374502 0.446611
0.271856 0.405363
0.233461 0.439266
0.081620 0.389240
-0.043364 0.378660
-0.151044 0.289434
-0.197553 0.338140
-0.379479 0.286665
-0.442447 0.305415
-0.539286 0.291606
-0.602682 0.217304
-0.627089 0.180793
-0.700637 0.174142
-0.781037 0.150295
-0.756830 0.168374
-0.690660 0.092383
-0.662966 0.069020
-0.661609 0.085831
-0.565898 0.094490
-0.523021 0.015075
