0.063467
0.018030 2.069269
0.097509 2.011542
0.085662 2.053986
0.054492 1.949353
0.030616 1.952526
0.088590 1.934668
0.085509 1.968841
0.020286 1.870676
0.070756 1.898379
0.022440 1.841179
0.054147 1.897247
0.019223 1.805855
-0.039050 1.797696
-0.014669 1.782986
-0.065189 1.717709
-0.074581 1.762480
-0.101330 1.704179
-0.081214 1.724293
-0.053851 1.689663
-0.090701 1.690376
-0.151564 1.648240
-0.141782 1.609847
-0.074044 1.633092
-0.091110 1.553071
-0.070242 1.570497
-0.104729 1.569744
-0.055253 1.533983
-0.005802 1.497034
0.018663 1.484771
0.093748 1.502142
0.088752 1.465845
0.137719 1.464937
0.136997 1.426288
0.168954 1.361685
0.291909 1.382155
0.272260 1.359296
0.343952 1.354088
0.302028 1.296763
0.401526 1.264587
0.371650 1.293246
0.400927 1.225022
0.395588 1.193073
0.369938 1.179497
0.321085 1.217035
0.306009 1.120930
0.236208 1.107578
0.154415 1.104175
0.146017 1.103536
0.081000 1.033921
-0.032088 1.011980
-0.102595 1.009094
-0.097764 1.037541
-0.237396 1.044598
-0.274302 0.996372
-0.273936 0.989184
-0.352188 0.953666
-0.369510 0.899355
-0.428544 0.934687
-0.454487 0.875843
-0.445713 0.816214
-0.369909 0.847548
-0.335723 0.854945
-0.400090 0.816737
-0.262820 0.819746
-0.280991 0.744898
-0.140172 0.758570
-0.073999 0.672115
-0.054979 0.694041
0.086672 0.649422
0.158913 0.646861
0.245700 0.621375
0.317105 0.573697
0.392800 0.640419
0.530464 0.569382
0.598911 0.521119
0.644927 0.560101
0.650363 0.562811
0.658984 0.515481
0.677675 0.463853
0.707683 0.433068
0.625068 0.446611
0.559415 0.405363
0.573498 0.439266
0.416785 0.389240
0.325380 0.378660
0.246422 0.289434
0.183035 0.338140
0.026991 0.286665
-0.092309 0.305415
-0.159007 0.291606
-0.304961 0.217304
-0.341426 0.180793
-0.465938 0.174142
-0.615431 0.150295
-0.654218 0.168374
-0.661978 0.092383
-0.699313 0.069020
-0.744468 0.085831
-0.699942 0.094490
-0.717137 0.015075
