0.634665
-0.007338 2.069269
0.023854 2.011542
0.041928 2.053986
0.007305 1.949353
-0.015971 1.952526
0.044570 1.934668
0.006163 1.968841
-0.050274 1.870676
-0.029990 1.898379
-0.051716 1.841179
-0.047328 1.897247
-0.044648 1.805855
-0.094363 1.797696
-0.087236 1.782986
-0.137551 1.717709
-0.118553 1.762480
-0.136796 1.704179
-0.095075 1.724293
-0.063886 1.689663
-0.089719 1.690376
-0.120037 1.648240
-0.113957 1.609847
-0.060637 1.633092
-0.055609 1.553071
-0.032532 1.570497
-0.004776 1.569744
0.030477 1.533983
0.088473 1.497034
0.116569 1.484771
0.196609 1.502142
0.194706 1.465845
0.202616 1.464937
0.217402 1.426288
0.232211 1.361685
0.307396 1.382155
0.306412 1.359296
0.296239 1.354088
0.264226 1.296763
0.337051 1.264587
0.262430 1.293246
0.265692 1.225022
0.221646 1.193073
0.184366 1.179497
0.089699 1.217035
0.092854 1.120930
0.000106 1.107578
-0.061261 1.104175
-0.113320 1.103536
-0.145924 1.033921
-0.257698 1.011980
-0.315881 1.009094
-0.326293 1.037541
-0.408252 1.044598
-0.425456 0.996372
-0.393698 0.989184
-0.457606 0.953666
-0.434452 0.899355
-0.403443 0.934687
-0.431497 0.875843
-0.339452 0.816214
-0.243393 0.847548
-0.162620 0.854945
-0.219404 0.816737
-0.047550 0.819746
-0.038372 0.744898
0.102262 0.758570
0.197406 0.672115
0.203705 0.694041
0.346654 0.649422
0.391622 0.646861
0.480647 0.621375
0.513827 0.573697
0.543264 0.640419
0.628638 0.569382
0.652937 0.521119
0.656071 0.560101
0.589131 0.562811
0.565440 0.515481
0.492697 0.463853
0.470893 0.433068
0.355552 0.446611
0.251573 0.405363
0.210293 0.439266
0.060161 0.389240
-0.065738 0.378660
-0.174193 0.289434
-0.219228 0.338140
-0.401065 0.286665
-0.459970 0.305415
-0.557772 0.291606
-0.615481 0.217304
-0.638917 0.180793
-0.708635 0.174142
-0.784021 0.150295
-0.756148 0.168374
-0.686026 0.092383
-0.654572 0.069020
-0.650354 0.085831
-0.552370 0.094490
-0.506180 0.015075
