0.666398
-0.008755 2.069269
0.019297 2.011542
0.038950 2.053986
0.004465 1.949353
-0.018549 1.952526
0.041549 1.934668
0.001446 1.968841
-0.053921 1.870676
-0.035608 1.898379
-0.055560 1.841179
-0.052819 1.897247
-0.047958 1.805855
-0.096683 1.797696
-0.090638 1.782986
-0.140447 1.717709
-0.119969 1.762480
-0.137534 1.704179
-0.094955 1.724293
-0.063847 1.689663
-0.088780 1.690376
-0.117008 1.648240
-0.111205 1.609847
-0.059255 1.633092
-0.052979 1.553071
-0.029999 1.570497
0.001137 1.569744
0.035209 1.533983
0.093137 1.497034
0.121170 1.484771
0.200714 1.502142
0.199012 1.465845
0.204435 1.464937
0.219986 1.426288
0.233643 1.361685
0.305286 1.382155
0.305407 1.359296
0.290530 1.354088
0.259413 1.296763
0.329958 1.264587
0.253444 1.293246
0.255147 1.225022
0.209261 1.193073
0.171666 1.179497
0.075239 1.217035
0.079433 1.120930
-0.013751 1.107578
-0.073316 1.104175
-0.127427 1.103536
-0.157809 1.033921
-0.268408 1.011980
-0.325296 1.009094
-0.336501 1.037541
-0.414270 1.044598
-0.430149 0.996372
-0.396861 0.989184
-0.459299 0.953666
-0.433997 0.899355
-0.398008 0.934687
-0.425911 0.875843
-0.329882 0.816214
-0.233578 0.847548
-0.150865 0.854945
-0.206646 0.816737
-0.034450 0.819746
-0.023757 0.744898
0.115486 0.758570
0.211395 0.672115
0.216886 0.694041
0.358507 0.649422
0.401433 0.646861
0.489715 0.621375
0.520326 0.573697
0.546760 0.640419
0.628226 0.569382
0.649696 0.521119
0.650283 0.560101
0.579752 0.562811
0.554398 0.515481
0.477004 0.463853
0.452373 0.433068
0.336244 0.446611
0.231037 0.405363
0.186913 0.439266
0.038641 0.389240
-0.088046 0.378660
-0.197167 0.289434
-0.240682 0.338140
-0.422247 0.286665
-0.477030 0.305415
-0.575697 0.291606
-0.627660 0.217304
-0.650102 0.180793
-0.715919 0.174142
-0.786216 0.150295
-0.754704 0.168374
-0.680701 0.092383
-0.645518 0.069020
-0.638445 0.085831
-0.538285 0.094490
-0.488829 0.015075
