0.698132
-0.010162 2.069269
0.014721 2.011542
0.035933 2.053986
0.001619 1.949353
-0.021107 1.952526
0.038486 1.934668
-0.003272 1.968841
-0.057514 1.870676
-0.041190 1.898379
-0.059348 1.841179
-0.058256 1.897247
-0.051219 1.805855
-0.098905 1.797696
-0.093949 1.782986
-0.143201 1.717709
-0.121264 1.762480
-0.138134 1.704179
-0.094739 1.724293
-0.063744 1.689663
-0.087752 1.690376
-0.113862 1.648240
-0.108341 1.609847
-0.057813 1.633092
-0.050296 1.553071
-0.027436 1.570497
0.007048 1.569744
0.039906 1.533983
0.097707 1.497034
0.125649 1.484771
0.204618 1.502142
0.203118 1.465845
0.206048 1.464937
0.222348 1.426288
0.234840 1.361685
0.302869 1.382155
0.304095 1.359296
0.284529 1.354088
0.254339 1.296763
0.322532 1.264587
0.244202 1.293246
0.244345 1.225022
0.196666 1.193073
0.158792 1.179497
0.060703 1.217035
0.065932 1.120930
-0.027594 1.107578
-0.085298 1.104175
-0.141405 1.103536
-0.169534 1.033921
-0.278848 1.011980
-0.334384 1.009094
-0.346369 1.037541
-0.419870 1.044598
-0.434409 0.996372
-0.399623 0.989184
-0.460529 0.953666
-0.433105 0.899355
-0.392172 0.934687
-0.419895 0.875843
-0.319981 0.816214
-0.223528 0.847548
-0.138957 0.854945
-0.193680 0.816737
-0.021315 0.819746
-0.009118 0.744898
0.128593 0.758570
0.225171 0.672115
0.229849 0.694041
0.369999 0.649422
0.410839 0.646861
0.498290 0.621375
0.526302 0.573697
0.549705 0.640419
0.627182 0.569382
0.645801 0.521119
0.643840 0.560101
0.569790 0.562811
0.542797 0.515481
0.460830 0.463853
0.433397 0.433068
0.316597 0.446611
0.210268 0.405363
0.163345 0.439266
0.017083 0.389240
-0.110264 0.378660
-0.219942 0.289434
-0.261894 0.338140
-0.443005 0.286665
-0.493609 0.305415
-0.593042 0.291606
-0.639208 0.217304
-0.660632 0.180793
-0.722482 0.174142
-0.787619 0.150295
-0.752501 0.168374
-0.674690 0.092383
-0.635815 0.069020
-0.625893 0.085831
-0.523659 0.094490
-0.470986 0.015075
