0.729865
-0.011560 2.069269
0.010130 2.011542
0.032879 2.053986
-0.001228 1.949353
-0.023644 1.952526
0.035384 1.934668
-0.007987 1.968841
-0.061049 1.870676
-0.046731 1.898379
-0.063076 1.841179
-0.063634 1.897247
-0.054429 1.805855
-0.101028 1.797696
-0.097165 1.782986
-0.145811 1.717709
-0.122438 1.762480
-0.138594 1.704179
-0.094428 1.724293
-0.063577 1.689663
-0.086636 1.690376
-0.110600 1.648240
-0.105368 1.609847
-0.056313 1.633092
-0.047563 1.553071
-0.024846 1.570497
0.012953 1.569744
0.044562 1.533983
0.102178 1.497034
0.130002 1.484771
0.208316 1.502142
0.207019 1.465845
0.207454 1.464937
0.224486 1.426288
0.235800 1.361685
0.300147 1.382155
0.302477 1.359296
0.278240 1.354088
0.249009 1.296763
0.314781 1.264587
0.234714 1.293246
0.233296 1.225022
0.183873 1.193073
0.145758 1.179497
0.046106 1.217035
0.052365 1.120930
-0.041409 1.107578
-0.097194 1.104175
-0.155241 1.103536
-0.181089 1.033921
-0.289006 1.011980
-0.343134 1.009094
-0.355889 1.037541
-0.425048 1.044598
-0.438231 0.996372
-0.401984 0.989184
-0.461296 0.953666
-0.431777 0.899355
-0.385942 0.934687
-0.413457 0.875843
-0.309757 0.816214
-0.213253 0.847548
-0.126910 0.854945
-0.180519 0.816737
-0.008159 0.819746
0.005531 0.744898
0.141570 0.758570
0.238721 0.672115
0.242580 0.694041
0.381119 0.649422
0.419833 0.646861
0.506363 0.621375
0.531747 0.573697
0.552096 0.640419
0.625506 0.569382
0.641256 0.521119
0.636748 0.560101
0.559254 0.562811
0.530650 0.515481
0.444192 0.463853
0.413985 0.433068
0.296631 0.446611
0.189287 0.405363
0.139612 0.439266
-0.004493 0.389240
-0.132372 0.378660
-0.242495 0.289434
-0.282842 0.338140
-0.463316 0.286665
-0.509692 0.305415
-0.609790 0.291606
-0.650111 0.217304
-0.670497 0.180793
-0.728318 0.174142
-0.788230 0.150295
-0.749540 0.168374
-0.668000 0.092383
-0.625472 0.069020
-0.612710 0.085831
-0.508505 0.094490
-0.452669 0.015075
