0.761598
-0.012946 2.069269
0.005529 2.011542
0.029792 2.053986
-0.004074 1.949353
-0.026158 1.952526
0.032247 1.934668
-0.012694 1.968841
-0.064522 1.870676
-0.052224 1.898379
-0.066741 1.841179
-0.068949 1.897247
-0.057585 1.805855
-0.103048 1.797696
-0.100283 1.782986
-0.148275 1.717709
-0.123488 1.762480
-0.138915 1.704179
-0.094022 1.724293
-0.063347 1.689663
-0.085432 1.690376
-0.107227 1.648240
-0.102289 1.609847
-0.054756 1.633092
-0.044782 1.553071
-0.022231 1.570497
0.018844 1.569744
0.049173 1.533983
0.106547 1.497034
0.134223 1.484771
0.211804 1.502142
0.210711 1.465845
0.208650 1.464937
0.226399 1.426288
0.236523 1.361685
0.297123 1.382155
0.300554 1.359296
0.271672 1.354088
0.243428 1.296763
0.306714 1.264587
0.224990 1.293246
0.222013 1.225022
0.170894 1.193073
0.132578 1.179497
0.031463 1.217035
0.038745 1.120930
-0.055183 1.107578
-0.108992 1.104175
-0.168921 1.103536
-0.192461 1.033921
-0.298874 1.011980
-0.351540 1.009094
-0.365051 1.037541
-0.429798 1.044598
-0.441612 0.996372
-0.403939 0.989184
-0.461598 0.953666
-0.430014 0.899355
-0.379323 0.934687
-0.406603 0.875843
-0.299222 0.816214
-0.202763 0.847548
-0.114735 0.854945
-0.167176 0.816737
0.005006 0.819746
0.020173 0.744898
0.154405 0.758570
0.252030 0.672115
0.255066 0.694041
0.391855 0.649422
0.428403 0.646861
0.513927 0.621375
0.536657 0.573697
0.553932 0.640419
0.623201 0.569382
0.636064 0.521119
0.629016 0.560101
0.548155 0.562811
0.517969 0.515481
0.427107 0.463853
0.394156 0.433068
0.276367 0.446611
0.168116 0.405363
0.115739 0.439266
-0.026064 0.389240
-0.154347 0.378660
-0.264805 0.289434
-0.303506 0.338140
-0.483161 0.286665
-0.525261 0.305415
-0.625924 0.291606
-0.660360 0.217304
-0.679686 0.180793
-0.733421 0.174142
-0.788046 0.150295
-0.745825 0.168374
-0.660637 0.092383
-0.614498 0.069020
-0.598911 0.085831
-0.492839 0.094490
-0.433896 0.015075
