0.793331
-0.014319 2.069269
0.000922 2.011542
0.026676 2.053986
-0.006915 1.949353
-0.028645 1.952526
0.029078 1.934668
-0.017389 1.968841
-0.067931 1.870676
-0.057665 1.898379
-0.070339 1.841179
-0.074194 1.897247
-0.060682 1.805855
-0.104965 1.797696
-0.103301 1.782986
-0.150589 1.717709
-0.124414 1.762480
-0.139096 1.704179
-0.093521 1.724293
-0.063052 1.689663
-0.084143 1.690376
-0.103747 1.648240
-0.099107 1.609847
-0.053145 1.633092
-0.041955 1.553071
-0.019593 1.570497
0.024716 1.569744
0.053735 1.533983
0.110809 1.497034
0.138310 1.484771
0.215078 1.502142
0.214192 1.465845
0.209637 1.464937
0.228083 1.426288
0.237008 1.361685
0.293799 1.382155
0.298328 1.359296
0.264830 1.354088
0.237602 1.296763
0.298338 1.264587
0.215040 1.293246
0.210506 1.225022
0.157744 1.193073
0.119264 1.179497
0.016788 1.217035
0.025086 1.120930
-0.068901 1.107578
-0.120680 1.104175
-0.182430 1.103536
-0.203640 1.033921
-0.308440 1.011980
-0.359591 1.009094
-0.373844 1.037541
-0.434116 1.044598
-0.444548 0.996372
-0.405488 0.989184
-0.461436 0.953666
-0.427818 0.899355
-0.372322 0.934687
-0.399339 0.875843
-0.288385 0.816214
-0.192069 0.847548
-0.102444 0.854945
-0.153665 0.816737
0.018166 0.819746
0.034796 0.744898
0.167084 0.758570
0.265085 0.672115
0.267296 0.694041
0.402196 0.649422
0.436542 0.646861
0.520973 0.621375
0.541026 0.573697
0.555209 0.640419
0.620268 0.569382
0.630233 0.521119
0.620650 0.560101
0.536504 0.562811
0.504766 0.515481
0.409591 0.463853
0.373930 0.433068
0.255825 0.446611
0.146776 0.405363
0.091749 0.439266
-0.047609 0.389240
-0.176166 0.378660
-0.286848 0.289434
-0.323864 0.338140
-0.502519 0.286665
-0.540301 0.305415
-0.641427 0.291606
-0.669945 0.217304
-0.688191 0.180793
-0.737785 0.174142
-0.787070 0.150295
-0.741358 0.168374
-0.652610 0.092383
-0.602906 0.069020
-0.584508 0.085831
-0.476677 0.094490
-0.414686 0.015075
