0.825065
-0.015678 2.069269
-0.003685 2.011542
0.023532 2.053986
-0.009750 1.949353
-0.031103 1.952526
0.025879 1.934668
-0.022065 1.968841
-0.071271 1.870676
-0.063048 1.898379
-0.073866 1.841179
-0.079364 1.897247
-0.063718 1.805855
-0.106777 1.797696
-0.106214 1.782986
-0.152752 1.717709
-0.125214 1.762480
-0.139137 1.704179
-0.092926 1.724293
-0.062694 1.689663
-0.082768 1.690376
-0.100162 1.648240
-0.095825 1.609847
-0.051479 1.633092
-0.039086 1.553071
-0.016935 1.570497
0.030564 1.569744
0.058243 1.533983
0.114959 1.497034
0.142257 1.484771
0.218136 1.502142
0.217457 1.465845
0.210413 1.464937
0.229538 1.426288
0.237254 1.361685
0.290180 1.382155
0.295802 1.359296
0.257722 1.354088
0.231536 1.296763
0.289661 1.264587
0.204873 1.293246
0.198788 1.225022
0.144435 1.193073
0.105830 1.179497
0.002096 1.217035
0.011402 1.120930
-0.082549 1.107578
-0.132247 1.104175
-0.195756 1.103536
-0.214613 1.033921
-0.317697 1.011980
-0.367280 1.009094
-0.382262 1.037541
-0.437996 1.044598
-0.447037 0.996372
-0.406629 0.989184
-0.460809 0.953666
-0.425192 0.899355
-0.364946 0.934687
-0.391673 0.875843
-0.277257 0.816214
-0.181182 0.847548
-0.090050 0.854945
-0.139998 0.816737
0.031307 0.819746
0.049383 0.744898
0.179596 0.758570
0.277874 0.672115
0.279257 0.694041
0.412132 0.649422
0.444242 0.646861
0.527495 0.621375
0.544851 0.573697
0.555928 0.640419
0.616710 0.569382
0.623766 0.521119
0.611659 0.560101
0.524313 0.562811
0.491055 0.515481
0.391663 0.463853
0.353328 0.433068
0.235025 0.446611
0.125287 0.405363
0.067667 0.439266
-0.069106 0.389240
-0.197808 0.378660
-0.308602 0.289434
-0.343895 0.338140
-0.521371 0.286665
-0.554797 0.305415
-0.656285 0.291606
-0.678854 0.217304
-0.696004 0.180793
-0.741406 0.174142
-0.785300 0.150295
-0.736145 0.168374
-0.643925 0.092383
-0.590707 0.069020
-0.569517 0.085831
-0.460035 0.094490
-0.395059 0.015075
