0.856798
-0.017020 2.069269
-0.008289 2.011542
0.020365 2.053986
-0.012575 1.949353
-0.033530 1.952526
0.022654 1.934668
-0.026720 1.968841
-0.074539 1.870676
-0.068367 1.898379
-0.077318 1.841179
-0.084455 1.897247
-0.066690 1.805855
-0.108481 1.797696
-0.109020 1.782986
-0.154760 1.717709
-0.125889 1.762480
-0.139038 1.704179
-0.092237 1.724293
-0.062272 1.689663
-0.081310 1.690376
-0.096476 1.648240
-0.092447 1.609847
-0.049762 1.633092
-0.036178 1.553071
-0.014261 1.570497
0.036381 1.569744
0.062692 1.533983
0.118993 1.497034
0.146061 1.484771
0.220975 1.502142
0.220503 1.465845
0.210976 1.464937
0.230762 1.426288
0.237261 1.361685
0.286268 1.382155
0.292978 1.359296
0.250354 1.354088
0.225238 1.296763
0.280693 1.264587
0.194499 1.293246
0.186869 1.225022
0.130980 1.193073
0.092290 1.179497
-0.012597 1.217035
-0.002294 1.120930
-0.096115 1.107578
-0.143680 1.104175
-0.208885 1.103536
-0.225370 1.033921
-0.326633 1.011980
-0.374600 1.009094
-0.390294 1.037541
-0.441435 1.044598
-0.449076 0.996372
-0.407360 0.989184
-0.459718 0.953666
-0.422137 0.899355
-0.357203 0.934687
-0.383613 0.875843
-0.265851 0.816214
-0.170112 0.847548
-0.077566 0.854945
-0.126191 0.816737
0.044417 0.819746
0.063920 0.744898
0.191926 0.758570
0.290382 0.672115
0.290937 0.694041
0.421654 0.649422
0.451494 0.646861
0.533485 0.621375
0.548127 0.573697
0.556087 0.640419
0.612532 0.569382
0.616672 0.521119
0.602052 0.560101
0.511593 0.562811
0.476850 0.515481
0.373341 0.463853
0.332369 0.433068
0.213988 0.446611
0.103673 0.405363
0.043517 0.439266
-0.090534 0.389240
-0.219250 0.378660
-0.330045 0.289434
-0.363581 0.338140
-0.539699 0.286665
-0.568735 0.305415
-0.670482 0.291606
-0.687080 0.217304
-0.703115 0.180793
-0.744281 0.174142
-0.782740 0.150295
-0.730191 0.168374
-0.634591 0.092383
-0.577913 0.069020
-0.553953 0.085831
-0.442930 0.094490
-0.375033 0.015075
