0.888531
-0.018346 2.069269
-0.012885 2.011542
0.017177 2.053986
-0.015387 1.949353
-0.035923 1.952526
0.019406 1.934668
-0.031348 1.968841
-0.077733 1.870676
-0.073618 1.898379
-0.080693 1.841179
-0.089460 1.897247
-0.069595 1.805855
-0.110075 1.797696
-0.111717 1.782986
-0.156613 1.717709
-0.126437 1.762480
-0.138799 1.704179
-0.091456 1.724293
-0.061788 1.689663
-0.079771 1.690376
-0.092692 1.648240
-0.088975 1.609847
-0.047995 1.633092
-0.033234 1.553071
-0.011572 1.570497
0.042161 1.569744
0.067078 1.533983
0.122907 1.497034
0.149718 1.484771
0.223591 1.502142
0.223326 1.465845
0.211328 1.464937
0.231753 1.426288
0.237030 1.361685
0.282069 1.382155
0.289860 1.359296
0.242734 1.354088
0.218712 1.296763
0.271442 1.264587
0.183930 1.293246
0.174762 1.225022
0.117393 1.193073
0.078656 1.179497
-0.027279 1.217035
-0.015988 1.120930
-0.109584 1.107578
-0.154969 1.104175
-0.221803 1.103536
-0.235901 1.033921
-0.335240 1.011980
-0.381542 1.009094
-0.397934 1.037541
-0.444429 1.044598
-0.450662 0.996372
-0.407681 0.989184
-0.458164 0.953666
-0.418657 0.899355
-0.349100 0.934687
-0.375167 0.875843
-0.254177 0.816214
-0.158871 0.847548
-0.065003 0.854945
-0.112257 0.816737
0.057482 0.819746
0.078394 0.744898
0.204063 0.758570
0.302599 0.672115
0.302323 0.694041
0.430750 0.649422
0.458292 0.646861
0.538938 0.621375
0.550852 0.573697
0.555686 0.640419
0.607736 0.569382
0.608957 0.521119
0.591839 0.560101
0.498359 0.562811
0.462164 0.515481
0.354643 0.463853
0.311077 0.433068
0.192736 0.446611
0.081954 0.405363
0.019323 0.439266
-0.111870 0.389240
-0.240472 0.378660
-0.351156 0.289434
-0.382900 0.338140
-0.557482 0.286665
-0.582100 0.305415
-0.684004 0.291606
-0.694614 0.217304
-0.709519 0.180793
-0.746406 0.174142
-0.779392 0.150295
-0.723501 0.168374
-0.624619 0.092383
-0.564537 0.069020
-0.537831 0.085831
-0.425379 0.094490
-0.354631 0.015075
