0.920265
-0.019653 2.069269
-0.017468 2.011542
0.013972 2.053986
-0.018184 1.949353
-0.038280 1.952526
0.016138 1.934668
-0.035944 1.968841
-0.080848 1.870676
-0.078794 1.898379
-0.083986 1.841179
-0.094376 1.897247
-0.072429 1.805855
-0.111559 1.797696
-0.114301 1.782986
-0.158308 1.717709
-0.126857 1.762480
-0.138420 1.704179
-0.090582 1.724293
-0.061242 1.689663
-0.078151 1.690376
-0.088816 1.648240
-0.085414 1.609847
-0.046179 1.633092
-0.030256 1.553071
-0.008871 1.570497
0.047899 1.569744
0.071396 1.533983
0.126698 1.497034
0.153224 1.484771
0.225982 1.502142
0.225925 1.465845
0.211466 1.464937
0.232511 1.426288
0.236559 1.361685
0.277585 1.382155
0.286449 1.359296
0.234870 1.354088
0.211967 1.296763
0.261917 1.264587
0.173176 1.293246
0.162479 1.225022
0.103689 1.193073
0.064944 1.179497
-0.041932 1.217035
-0.029665 1.120930
-0.122942 1.107578
-0.166102 1.104175
-0.234498 1.103536
-0.246194 1.033921
-0.343510 1.011980
-0.388100 1.009094
-0.405173 1.037541
-0.446976 1.044598
-0.451795 0.996372
-0.407591 0.989184
-0.456148 0.953666
-0.414756 0.899355
-0.340645 0.934687
-0.366343 0.875843
-0.242247 0.816214
-0.147470 0.847548
-0.052375 0.854945
-0.098210 0.816737
0.070489 0.819746
0.092788 0.744898
0.215995 0.758570
0.314510 0.672115
0.313405 0.694041
0.439414 0.649422
0.464628 0.646861
0.543849 0.621375
0.553021 0.573697
0.554725 0.640419
0.602329 0.569382
0.600628 0.521119
0.581030 0.560101
0.484623 0.562811
0.447013 0.515481
0.335588 0.463853
0.289471 0.433068
0.171290 0.446611
0.060152 0.405363
-0.004891 0.439266
-0.133093 0.389240
-0.261452 0.378660
-0.371913 0.289434
-0.401834 0.338140
-0.574705 0.286665
-0.594879 0.305415
-0.696837 0.291606
-0.701449 0.217304
-0.715208 0.180793
-0.747780 0.174142
-0.775259 0.150295
-0.716083 0.168374
-0.614018 0.092383
-0.550593 0.069020
-0.521167 0.085831
-0.407400 0.094490
-0.333871 0.015075
