0.095200
0.016700 2.069269
0.094046 2.011542
0.083850 2.053986
0.052203 1.949353
0.028152 1.952526
0.086787 1.934668
0.081606 1.968841
0.016324 1.870676
0.065467 1.898379
0.018286 1.841179
0.048669 1.897247
0.015644 1.805855
-0.042640 1.797696
-0.019057 1.782986
-0.070010 1.717709
-0.077819 1.762480
-0.104305 1.704179
-0.082743 1.724293
-0.054914 1.689663
-0.091443 1.690376
-0.151050 1.648240
-0.141398 1.609847
-0.073909 1.633092
-0.089829 1.553071
-0.068648 1.570497
-0.099786 1.569744
-0.050709 1.533983
-0.000320 1.497034
0.024573 1.484771
0.100611 1.502142
0.095753 1.465845
0.142741 1.464937
0.142923 1.426288
0.174155 1.361685
0.295391 1.382155
0.276663 1.359296
0.344183 1.354088
0.302471 1.296763
0.401281 1.264587
0.368515 1.293246
0.396524 1.225022
0.388867 1.193073
0.362308 1.179497
0.310335 1.217035
0.296197 1.120930
0.224434 1.107578
0.143119 1.104175
0.132084 1.103536
0.068397 1.033921
-0.045610 1.011980
-0.116016 1.009094
-0.112037 1.037541
-0.249515 1.044598
-0.285590 0.996372
-0.283378 0.989184
-0.361479 0.953666
-0.376578 0.899355
-0.430847 0.934687
-0.457143 0.875843
-0.443405 0.816214
-0.365744 0.847548
-0.328523 0.854945
-0.393012 0.816737
-0.252503 0.819746
-0.269229 0.744898
-0.127180 0.758570
-0.058724 0.672115
-0.040283 0.694041
0.102693 0.649422
0.173970 0.646861
0.261653 0.621375
0.331444 0.573697
0.405092 0.640419
0.540900 0.569382
0.607360 0.521119
0.651265 0.560101
0.652501 0.562811
0.659302 0.515481
0.672792 0.463853
0.700023 0.433068
0.614760 0.446611
0.546279 0.405363
0.557237 0.439266
0.399530 0.389240
0.305295 0.378660
0.223910 0.289434
0.161041 0.338140
0.002108 0.286665
-0.114699 0.305415
-0.183810 0.291606
-0.325872 0.217304
-0.361894 0.180793
-0.484287 0.174142
-0.630748 0.150295
-0.665965 0.168374
-0.669223 0.092383
-0.702850 0.069020
-0.745505 0.085831
-0.697450 0.094490
-0.711077 0.015075
