0.951998
-0.020941 2.069269
-0.022033 2.011542
0.010753 2.053986
-0.020963 1.949353
-0.040599 1.952526
0.012855 1.934668
-0.040504 1.968841
-0.083881 1.870676
-0.083891 1.898379
-0.087195 1.841179
-0.099196 1.897247
-0.075191 1.805855
-0.112930 1.797696
-0.116770 1.782986
-0.159844 1.717709
-0.127150 1.762480
-0.137902 1.704179
-0.089617 1.724293
-0.060634 1.689663
-0.076452 1.690376
-0.084850 1.648240
-0.081767 1.609847
-0.044317 1.633092
-0.027248 1.553071
-0.006162 1.570497
0.053588 1.569744
0.075643 1.533983
0.130361 1.497034
0.156576 1.484771
0.228145 1.502142
0.228297 1.465845
0.211392 1.464937
0.233035 1.426288
0.235851 1.361685
0.272822 1.382155
0.282750 1.359296
0.226769 1.354088
0.205008 1.296763
0.252129 1.264587
0.162247 1.293246
0.150032 1.225022
0.089880 1.193073
0.051166 1.179497
-0.056544 1.217035
-0.043312 1.120930
-0.136177 1.107578
-0.177067 1.104175
-0.246957 1.103536
-0.256239 1.033921
-0.351434 1.011980
-0.394267 1.009094
-0.412003 1.037541
-0.449073 1.044598
-0.452472 0.996372
-0.407092 0.989184
-0.453674 0.953666
-0.410437 0.899355
-0.331848 0.934687
-0.357149 0.875843
-0.230073 0.816214
-0.135921 0.847548
-0.039694 0.854945
-0.084064 0.816737
0.083425 0.819746
0.107089 0.744898
0.227709 0.758570
0.326105 0.672115
0.324172 0.694041
0.447634 0.649422
0.470496 0.646861
0.548212 0.621375
0.554634 0.573697
0.553206 0.640419
0.596315 0.569382
0.591695 0.521119
0.569636 0.560101
0.470399 0.562811
0.431412 0.515481
0.316195 0.463853
0.267573 0.433068
0.149671 0.446611
0.038291 0.405363
-0.029100 0.439266
-0.154183 0.389240
-0.282168 0.378660
-0.392296 0.289434
-0.420364 0.338140
-0.591349 0.286665
-0.607059 0.305415
-0.708968 0.291606
-0.707578 0.217304
-0.720177 0.180793
-0.748401 0.174142
-0.770345 0.150295
-0.707944 0.168374
-0.602798 0.092383
-0.536094 0.069020
-0.503978 0.085831
-0.389010 0.094490
-0.312775 0.015075
