0.983731
-0.022207 2.069269
-0.026576 2.011542
0.007523 2.053986
-0.023720 1.949353
-0.042876 1.952526
0.009558 1.934668
-0.045023 1.968841
-0.086831 1.870676
-0.088904 1.898379
-0.090316 1.841179
-0.103916 1.897247
-0.077877 1.805855
-0.114188 1.797696
-0.119121 1.782986
-0.161219 1.717709
-0.127314 1.762480
-0.137245 1.704179
-0.088562 1.724293
-0.059965 1.689663
-0.074677 1.690376
-0.080799 1.648240
-0.078038 1.609847
-0.042410 1.633092
-0.024212 1.553071
-0.003446 1.570497
0.059224 1.569744
0.079813 1.533983
0.133892 1.497034
0.159770 1.484771
0.230078 1.502142
0.230438 1.465845
0.211104 1.464937
0.233324 1.426288
0.234905 1.361685
0.267784 1.382155
0.278766 1.359296
0.218439 1.354088
0.197842 1.296763
0.242088 1.264587
0.151155 1.293246
0.137434 1.225022
0.075980 1.193073
0.037336 1.179497
-0.071098 1.217035
-0.056916 1.120930
-0.149274 1.107578
-0.187855 1.104175
-0.259167 1.103536
-0.266026 1.033921
-0.359004 1.011980
-0.400038 1.009094
-0.418419 1.037541
-0.450718 1.044598
-0.452694 0.996372
-0.406182 0.989184
-0.450742 0.953666
-0.405705 0.899355
-0.322716 0.934687
-0.347597 0.875843
-0.217667 0.816214
-0.124235 0.847548
-0.026973 0.854945
-0.069834 0.816737
0.096277 0.819746
0.121282 0.744898
0.239194 0.758570
0.337372 0.672115
0.334612 0.694041
0.455404 0.649422
0.475891 0.646861
0.552022 0.621375
0.555688 0.573697
0.551130 0.640419
0.589701 0.569382
0.582166 0.521119
0.557669 0.560101
0.455701 0.562811
0.415376 0.515481
0.296484 0.463853
0.245406 0.433068
0.127901 0.446611
0.016390 0.405363
-0.053279 0.439266
-0.175117 0.389240
-0.302601 0.378660
-0.412284 0.289434
-0.438470 0.338140
-0.607397 0.286665
-0.618627 0.305415
-0.720386 0.291606
-0.712994 0.217304
-0.724421 0.180793
-0.748268 0.174142
-0.764656 0.150295
-0.699092 0.168374
-0.590972 0.092383
-0.521056 0.069020
-0.486282 0.085831
-0.370228 0.094490
-0.291363 0.015075
