1.015464
-0.023451 2.069269
-0.031092 2.011542
0.004285 2.053986
-0.026453 1.949353
-0.045111 1.952526
0.006252 1.934668
-0.049497 1.968841
-0.089692 1.870676
-0.093827 1.898379
-0.093346 1.841179
-0.108532 1.897247
-0.080485 1.805855
-0.115331 1.797696
-0.121353 1.782986
-0.162431 1.717709
-0.127351 1.762480
-0.136450 1.704179
-0.087418 1.724293
-0.059236 1.689663
-0.072826 1.690376
-0.076666 1.648240
-0.074230 1.609847
-0.040460 1.633092
-0.021152 1.553071
-0.000727 1.570497
0.064800 1.569744
0.083903 1.533983
0.137289 1.497034
0.162804 1.484771
0.231780 1.502142
0.232348 1.465845
0.210604 1.464937
0.233378 1.426288
0.233722 1.361685
0.262476 1.382155
0.274502 1.359296
0.209890 1.354088
0.190478 1.296763
0.231802 1.264587
0.139910 1.293246
0.124698 1.225022
0.062004 1.193073
0.023469 1.179497
-0.085581 1.217035
-0.070463 1.120930
-0.162221 1.107578
-0.198453 1.104175
-0.271117 1.103536
-0.275545 1.033921
-0.366212 1.011980
-0.405405 1.009094
-0.424414 1.037541
-0.451909 1.044598
-0.452461 0.996372
-0.404863 0.989184
-0.447357 0.953666
-0.400564 0.899355
-0.313260 0.934687
-0.337694 0.875843
-0.205042 0.816214
-0.112423 0.847548
-0.014226 0.854945
-0.055533 0.816737
0.109032 0.819746
0.135353 0.744898
0.250438 0.758570
0.348299 0.672115
0.344715 0.694041
0.462715 0.649422
0.480806 0.646861
0.555278 0.621375
0.556183 0.573697
0.548499 0.640419
0.582493 0.569382
0.572051 0.521119
0.545140 0.560101
0.440544 0.562811
0.398923 0.515481
0.276474 0.463853
0.222992 0.433068
0.106003 0.446611
-0.005527 0.405363
-0.077405 0.439266
-0.195875 0.389240
-0.322728 0.378660
-0.431857 0.289434
-0.456134 0.338140
-0.622834 0.286665
-0.629573 0.305415
-0.731078 0.291606
-0.717692 0.217304
-0.727935 0.180793
-0.747382 0.174142
-0.758197 0.150295
-0.689536 0.168374
-0.578550 0.092383
-0.505493 0.069020
-0.468097 0.085831
-0.351074 0.094490
-0.269659 0.015075
