1.047198
-0.024671 2.069269
-0.035577 2.011542
0.001043 2.053986
-0.029160 1.949353
-0.047300 1.952526
0.002939 1.934668
-0.053921 1.968841
-0.092464 1.870676
-0.098655 1.898379
-0.096282 1.841179
-0.113039 1.897247
-0.083011 1.805855
-0.116358 1.797696
-0.123462 1.782986
-0.163480 1.717709
-0.127259 1.762480
-0.135517 1.704179
-0.086186 1.724293
-0.058447 1.689663
-0.070902 1.690376
-0.072456 1.648240
-0.070347 1.609847
-0.038470 1.633092
-0.018070 1.553071
0.001993 1.570497
0.070310 1.569744
0.087909 1.533983
0.140548 1.497034
0.165673 1.484771
0.233249 1.502142
0.234024 1.465845
0.209892 1.464937
0.233197 1.426288
0.232304 1.361685
0.256904 1.382155
0.269961 1.359296
0.201130 1.354088
0.182921 1.296763
0.221283 1.264587
0.128525 1.293246
0.111837 1.225022
0.047965 1.193073
0.009578 1.179497
-0.099978 1.217035
-0.083939 1.120930
-0.175005 1.107578
-0.208851 1.104175
-0.282793 1.103536
-0.284787 1.033921
-0.373052 1.011980
-0.410364 1.009094
-0.429982 1.037541
-0.452645 1.044598
-0.451771 0.996372
-0.403136 0.989184
-0.443521 0.953666
-0.395020 0.899355
-0.303488 0.934687
-0.327451 0.875843
-0.192211 0.816214
-0.100499 0.847548
-0.001463 0.854945
-0.041176 0.816737
0.121678 0.819746
0.149287 0.744898
0.261430 0.758570
0.358875 0.672115
0.354472 0.694041
0.469561 0.649422
0.485237 0.646861
0.557973 0.621375
0.556118 0.573697
0.545316 0.640419
0.574699 0.569382
0.561360 0.521119
0.532062 0.560101
0.424944 0.562811
0.382067 0.515481
0.256185 0.463853
0.200354 0.433068
0.083998 0.446611
-0.027438 0.405363
-0.101452 0.439266
-0.216436 0.389240
-0.342531 0.378660
-0.450994 0.289434
-0.473339 0.338140
-0.637644 0.286665
-0.639885 0.305415
-0.741034 0.291606
-0.721667 0.217304
-0.730716 0.180793
-0.745743 0.174142
-0.750974 0.150295
-0.679286 0.168374
-0.565546 0.092383
-0.489421 0.069020
-0.449440 0.085831
-0.331566 0.094490
-0.247683 0.015075
