1.078931
-0.025866 2.069269
-0.040025 2.011542
-0.002200 2.053986
-0.031838 1.949353
-0.049441 1.952526
-0.000376 1.934668
-0.058290 1.968841
-0.095142 1.870676
-0.103385 1.898379
-0.099121 1.841179
-0.117431 1.897247
-0.085455 1.805855
-0.117267 1.797696
-0.125447 1.782986
-0.164365 1.717709
-0.127039 1.762480
-0.134448 1.704179
-0.084867 1.724293
-0.057599 1.689663
-0.068906 1.690376
-0.068173 1.648240
-0.066394 1.609847
-0.036441 1.633092
-0.014970 1.553071
0.004711 1.570497
0.075750 1.569744
0.091826 1.533983
0.143665 1.497034
0.168376 1.484771
0.234482 1.502142
0.235464 1.465845
0.208969 1.464937
0.232782 1.426288
0.230652 1.361685
0.251074 1.382155
0.265148 1.359296
0.192167 1.354088
0.175181 1.296763
0.210541 1.264587
0.117010 1.293246
0.098862 1.225022
0.033878 1.193073
-0.004322 1.179497
-0.114274 1.217035
-0.097330 1.120930
-0.187613 1.107578
-0.219039 1.104175
-0.294184 1.103536
-0.293742 1.033921
-0.379516 1.011980
-0.414910 1.009094
-0.435116 1.037541
-0.452926 1.044598
-0.450627 0.996372
-0.401004 0.989184
-0.439239 0.953666
-0.389078 0.899355
-0.293410 0.934687
-0.316879 0.875843
-0.179186 0.816214
-0.088473 0.847548
0.011300 0.854945
-0.026777 0.816737
0.134201 0.819746
0.163071 0.744898
0.272159 0.758570
0.369090 0.672115
0.363871 0.694041
0.475934 0.649422
0.489180 0.646861
0.560108 0.621375
0.555492 0.573697
0.541583 0.640419
0.566325 0.569382
0.550103 0.521119
0.518448 0.560101
0.408916 0.562811
0.364827 0.515481
0.235639 0.463853
0.177514 0.433068
0.061909 0.446611
-0.049322 0.405363
-0.125398 0.439266
-0.236779 0.389240
-0.361989 0.378660
-0.469678 0.289434
-0.490068 0.338140
-0.651811 0.286665
-0.649552 0.305415
-0.750244 0.291606
-0.724916 0.217304
-0.732762 0.180793
-0.743353 0.174142
-0.742995 0.150295
-0.668352 0.168374
-0.551972 0.092383
-0.472856 0.069020
-0.430330 0.085831
-0.311725 0.094490
-0.225458 0.015075
