1.110664
-0.027036 2.069269
-0.044434 2.011542
-0.005440 2.053986
-0.034483 1.949353
-0.051533 1.952526
-0.003691 1.934668
-0.062601 1.968841
-0.097725 1.870676
-0.108010 1.898379
-0.101860 1.841179
-0.121706 1.897247
-0.087812 1.805855
-0.118058 1.797696
-0.127306 1.782986
-0.165084 1.717709
-0.126691 1.762480
-0.133243 1.704179
-0.083462 1.724293
-0.056693 1.689663
-0.066841 1.690376
-0.063822 1.648240
-0.062373 1.609847
-0.034375 1.633092
-0.011856 1.553071
0.007424 1.570497
0.081114 1.569744
0.095651 1.533983
0.146638 1.497034
0.170909 1.484771
0.235480 1.502142
0.236666 1.465845
0.207835 1.464937
0.232132 1.426288
0.228768 1.361685
0.244990 1.382155
0.260068 1.359296
0.183010 1.354088
0.167264 1.296763
0.199587 1.264587
0.105378 1.293246
0.085789 1.225022
0.019757 1.193073
-0.018218 1.179497
-0.128456 1.217035
-0.110623 1.120930
-0.200031 1.107578
-0.229007 1.104175
-0.305280 1.103536
-0.302401 1.033921
-0.385598 1.011980
-0.419039 1.009094
-0.439812 1.037541
-0.452750 1.044598
-0.449029 0.996372
-0.398468 0.989184
-0.434514 0.953666
-0.382744 0.899355
-0.283037 0.934687
-0.305987 0.875843
-0.165981 0.816214
-0.076358 0.847548
0.024053 0.854945
-0.012352 0.816737
0.146588 0.819746
0.176691 0.744898
0.282613 0.758570
0.378933 0.672115
0.372904 0.694041
0.481827 0.649422
0.492630 0.646861
0.561678 0.621375
0.554308 0.573697
0.537305 0.640419
0.557382 0.569382
0.538293 0.521119
0.504312 0.560101
0.392476 0.562811
0.347220 0.515481
0.214855 0.463853
0.154494 0.433068
0.039757 0.446611
-0.071156 0.405363
-0.149217 0.439266
-0.256883 0.389240
-0.381082 0.378660
-0.487889 0.289434
-0.506303 0.338140
-0.665322 0.286665
-0.658566 0.305415
-0.758699 0.291606
-0.727435 0.217304
-0.734070 0.180793
-0.740215 0.174142
-0.734268 0.150295
-0.656745 0.168374
-0.537843 0.092383
-0.455815 0.069020
-0.410787 0.085831
-0.291569 0.094490
-0.203005 0.015075
