1.142397
-0.028178 2.069269
-0.048798 2.011542
-0.008676 2.053986
-0.037094 1.949353
-0.053573 1.952526
-0.007002 1.934668
-0.066849 1.968841
-0.100209 1.870676
-0.112526 1.898379
-0.104497 1.841179
-0.125858 1.897247
-0.090080 1.805855
-0.118731 1.797696
-0.129036 1.782986
-0.165636 1.717709
-0.126216 1.762480
-0.131905 1.704179
-0.081974 1.724293
-0.055730 1.689663
-0.064709 1.690376
-0.059406 1.648240
-0.058290 1.609847
-0.032275 1.633092
-0.008729 1.553071
0.010130 1.570497
0.086395 1.569744
0.099379 1.533983
0.149463 1.497034
0.173270 1.484771
0.236240 1.502142
0.237631 1.465845
0.206492 1.464937
0.231248 1.426288
0.226654 1.361685
0.238660 1.382155
0.254727 1.359296
0.173669 1.354088
0.159178 1.296763
0.188432 1.264587
0.093639 1.293246
0.072629 1.225022
0.005616 1.193073
-0.032096 1.179497
-0.142507 1.217035
-0.123805 1.120930
-0.212249 1.107578
-0.238743 1.104175
-0.316068 1.103536
-0.310756 1.033921
-0.391292 1.011980
-0.422745 1.009094
-0.444066 1.037541
-0.452118 1.044598
-0.446979 0.996372
-0.395530 0.989184
-0.429352 0.953666
-0.376025 0.899355
-0.272379 0.934687
-0.294787 0.875843
-0.152609 0.816214
-0.064166 0.847548
0.036781 0.854945
0.002086 0.816737
0.158828 0.819746
0.190134 0.744898
0.292783 0.758570
0.388395 0.672115
0.381561 0.694041
0.487235 0.649422
0.495584 0.646861
0.562682 0.621375
0.552565 0.573697
0.532486 0.640419
0.547877 0.569382
0.525941 0.521119
0.489669 0.560101
0.375641 0.562811
0.329262 0.515481
0.193856 0.463853
0.131320 0.433068
0.017565 0.446611
-0.092919 0.405363
-0.172886 0.439266
-0.276729 0.389240
-0.399792 0.378660
-0.505609 0.289434
-0.522028 0.338140
-0.678164 0.286665
-0.666916 0.305415
-0.766389 0.291606
-0.729221 0.217304
-0.734638 0.180793
-0.736332 0.174142
-0.724802 0.150295
-0.644476 0.168374
-0.523172 0.092383
-0.438314 0.069020
-0.390831 0.085831
-0.271120 0.094490
-0.180349 0.015075
