1.174131
-0.029292 2.069269
-0.053113 2.011542
-0.011902 2.053986
-0.039667 1.949353
-0.055558 1.952526
-0.010307 1.934668
-0.071030 1.968841
-0.102592 1.870676
-0.116929 1.898379
-0.107029 1.841179
-0.129883 1.897247
-0.092258 1.805855
-0.119284 1.797696
-0.130637 1.782986
-0.166022 1.717709
-0.125613 1.762480
-0.130433 1.704179
-0.080403 1.724293
-0.054711 1.689663
-0.062512 1.690376
-0.054930 1.648240
-0.054148 1.609847
-0.030142 1.633092
-0.005593 1.553071
0.012825 1.570497
0.091590 1.569744
0.103007 1.533983
0.152137 1.497034
0.175456 1.484771
0.236763 1.502142
0.238356 1.465845
0.204942 1.464937
0.230131 1.426288
0.224311 1.361685
0.232090 1.382155
0.249129 1.359296
0.164153 1.354088
0.150932 1.296763
0.177088 1.264587
0.081806 1.293246
0.059395 1.225022
-0.008530 1.193073
-0.045941 1.179497
-0.156415 1.217035
-0.136862 1.120930
-0.224252 1.107578
-0.248240 1.104175
-0.326537 1.103536
-0.318798 1.033921
-0.396592 1.011980
-0.426026 1.009094
-0.447872 1.037541
-0.451031 1.044598
-0.444479 0.996372
-0.392195 0.989184
-0.423758 0.953666
-0.368928 0.899355
-0.261447 0.934687
-0.283291 0.875843
-0.139083 0.816214
-0.051910 0.847548
0.049472 0.854945
0.016521 0.816737
0.170909 0.819746
0.203384 0.744898
0.302658 0.758570
0.397465 0.672115
0.389834 0.694041
0.492153 0.649422
0.498039 0.646861
0.563120 0.621375
0.550266 0.573697
0.527131 0.640419
0.537821 0.569382
0.513059 0.521119
0.474532 0.560101
0.358428 0.562811
0.310974 0.515481
0.172660 0.463853
0.108013 0.433068
-0.004645 0.446611
-0.114588 0.405363
-0.196381 0.439266
-0.296296 0.389240
-0.418099 0.378660
-0.522819 0.289434
-0.537228 0.338140
-0.690322 0.286665
-0.674595 0.305415
-0.773308 0.291606
-0.730273 0.217304
-0.734467 0.180793
-0.731707 0.174142
-0.714606 0.150295
-0.631559 0.168374
-0.507974 0.092383
-0.420373 0.069020
-0.370481 0.085831
-0.250398 0.094490
-0.157510 0.015075
