1.205864
-0.030376 2.069269
-0.057374 2.011542
-0.015117 2.053986
-0.042200 1.949353
-0.057488 1.952526
-0.013601 1.934668
-0.075139 1.968841
-0.104872 1.870676
-0.121215 1.898379
-0.109452 1.841179
-0.133777 1.897247
-0.094343 1.805855
-0.119717 1.797696
-0.132106 1.782986
-0.166241 1.717709
-0.124884 1.762480
-0.128831 1.704179
-0.078751 1.724293
-0.053637 1.689663
-0.060252 1.690376
-0.050399 1.648240
-0.049952 1.609847
-0.027979 1.633092
-0.002452 1.553071
0.015508 1.570497
0.096693 1.569744
0.106531 1.533983
0.154658 1.497034
0.177466 1.484771
0.237047 1.502142
0.238842 1.465845
0.203184 1.464937
0.228783 1.426288
0.221743 1.361685
0.225286 1.382155
0.243280 1.359296
0.154472 1.354088
0.142535 1.296763
0.165565 1.264587
0.069891 1.293246
0.046102 1.225022
-0.022668 1.193073
-0.059740 1.179497
-0.170166 1.217035
-0.149781 1.120930
-0.236030 1.107578
-0.257486 1.104175
-0.336678 1.103536
-0.326518 1.033921
-0.401492 1.011980
-0.428877 1.009094
-0.451227 1.037541
-0.449490 1.044598
-0.441531 0.996372
-0.388464 0.989184
-0.417737 0.953666
-0.361459 0.899355
-0.250251 0.934687
-0.271509 0.875843
-0.125416 0.816214
-0.039601 0.847548
0.062113 0.854945
0.030940 0.816737
0.182817 0.819746
0.216430 0.744898
0.312229 0.758570
0.406135 0.672115
0.397715 0.694041
0.496575 0.649422
0.499993 0.646861
0.562991 0.621375
0.547413 0.573697
0.521246 0.640419
0.527223 0.569382
0.499660 0.521119
0.458918 0.560101
0.340854 0.562811
0.292372 0.515481
0.151291 0.463853
0.084598 0.433068
-0.026850 0.446611
-0.136141 0.405363
-0.219679 0.439266
-0.315565 0.389240
-0.435985 0.378660
-0.539503 0.289434
-0.551887 0.338140
-0.701786 0.286665
-0.681594 0.305415
-0.779448 0.291606
-0.730590 0.217304
-0.733557 0.180793
-0.726345 0.174142
-0.703690 0.150295
-0.618006 0.168374
-0.492265 0.092383
-0.402008 0.069020
-0.349758 0.085831
-0.229424 0.094490
-0.134513 0.015075
