1.237597
-0.031430 2.069269
-0.061578 2.011542
-0.018316 2.053986
-0.044691 1.949353
-0.059360 1.952526
-0.016881 1.934668
-0.079172 1.968841
-0.107046 1.870676
-0.125378 1.898379
-0.111766 1.841179
-0.137537 1.897247
-0.096333 1.805855
-0.120029 1.797696
-0.133442 1.782986
-0.166292 1.717709
-0.124029 1.762480
-0.127098 1.704179
-0.077019 1.724293
-0.052509 1.689663
-0.057931 1.690376
-0.045818 1.648240
-0.045705 1.609847
-0.025788 1.633092
0.000691 1.553071
0.018175 1.570497
0.101698 1.569744
0.109949 1.533983
0.157024 1.497034
0.179297 1.484771
0.237092 1.502142
0.239086 1.465845
0.201222 1.464937
0.227205 1.426288
0.218951 1.361685
0.218255 1.382155
0.237186 1.359296
0.144636 1.354088
0.133994 1.296763
0.153875 1.264587
0.057906 1.293246
0.032763 1.225022
-0.036783 1.193073
-0.073479 1.179497
-0.183746 1.217035
-0.162549 1.120930
-0.247570 1.107578
-0.266474 1.104175
-0.346480 1.103536
-0.333911 1.033921
-0.405988 1.011980
-0.431297 1.009094
-0.454128 1.037541
-0.447496 1.044598
-0.438139 0.996372
-0.384342 0.989184
-0.411295 0.953666
-0.353625 0.899355
-0.238804 0.934687
-0.259454 0.875843
-0.111624 0.816214
-0.027252 0.847548
0.074692 0.854945
0.045328 0.816737
0.194541 0.819746
0.229258 0.744898
0.321485 0.758570
0.414397 0.672115
0.405195 0.694041
0.500497 0.649422
0.501443 0.646861
0.562295 0.621375
0.544008 0.573697
0.514835 0.640419
0.516094 0.569382
0.485759 0.521119
0.442841 0.560101
0.322937 0.562811
0.273476 0.515481
0.129770 0.463853
0.061097 0.433068
-0.049028 0.446611
-0.157558 0.405363
-0.242755 0.439266
-0.334516 0.389240
-0.453432 0.378660
-0.555644 0.289434
-0.565990 0.338140
-0.712543 0.286665
-0.687907 0.305415
-0.784804 0.291606
-0.730171 0.217304
-0.731907 0.180793
-0.720252 0.174142
-0.692066 0.150295
-0.603830 0.168374
-0.476060 0.092383
-0.383239 0.069020
-0.328683 0.085831
-0.208219 0.094490
-0.111381 0.015075
