0.126933
0.015354 2.069269
0.090488 2.011542
0.081954 2.053986
0.049861 1.949353
0.025659 1.952526
0.084897 1.934668
0.077621 1.968841
0.012345 1.870676
0.060112 1.898379
0.014114 1.841179
0.043142 1.897247
0.012049 1.805855
-0.046188 1.797696
-0.023426 1.782986
-0.074761 1.717709
-0.080979 1.762480
-0.107174 1.704179
-0.084189 1.724293
-0.055922 1.689663
-0.092092 1.690376
-0.150383 1.648240
-0.140873 1.609847
-0.073701 1.633092
-0.088458 1.553071
-0.066985 1.570497
-0.094743 1.569744
-0.046114 1.533983
0.005161 1.497034
0.030458 1.484771
0.107372 1.502142
0.102656 1.465845
0.147619 1.464937
0.148705 1.426288
0.179181 1.361685
0.298575 1.382155
0.280788 1.359296
0.344068 1.354088
0.302610 1.296763
0.400632 1.264587
0.365010 1.293246
0.391721 1.225022
0.381753 1.193073
0.354313 1.179497
0.299273 1.217035
0.286086 1.120930
0.212434 1.107578
0.131678 1.104175
0.118018 1.103536
0.055724 1.033921
-0.059087 1.011980
-0.129320 1.009094
-0.126197 1.037541
-0.261383 1.044598
-0.296590 0.996372
-0.292535 0.989184
-0.370405 0.953666
-0.383266 0.899355
-0.432717 0.934687
-0.459339 0.875843
-0.440651 0.816214
-0.361211 0.847548
-0.320992 0.854945
-0.385538 0.816737
-0.241932 0.819746
-0.257196 0.744898
-0.114060 0.758570
-0.043389 0.672115
-0.025546 0.694041
0.118611 0.649422
0.188852 0.646861
0.277343 0.621375
0.345450 0.573697
0.416976 0.640419
0.550792 0.569382
0.615197 0.521119
0.656946 0.560101
0.653982 0.562811
0.658956 0.515481
0.667231 0.463853
0.691659 0.433068
0.603833 0.446611
0.532593 0.405363
0.540415 0.439266
0.381872 0.389240
0.284902 0.378660
0.201172 0.289434
0.138885 0.338140
-0.022777 0.286665
-0.136974 0.305415
-0.208428 0.291606
-0.346454 0.217304
-0.381997 0.180793
-0.502148 0.174142
-0.645431 0.150295
-0.677042 0.168374
-0.675795 0.092383
-0.705680 0.069020
-0.745792 0.085831
-0.694256 0.094490
-0.704301 0.015075
