1.269330
-0.032452 2.069269
-0.065719 2.011542
-0.021497 2.053986
-0.047137 1.949353
-0.061172 1.952526
-0.020144 1.934668
-0.083126 1.968841
-0.109113 1.870676
-0.129415 1.898379
-0.113967 1.841179
-0.141158 1.897247
-0.098226 1.805855
-0.120221 1.797696
-0.134644 1.782986
-0.166176 1.717709
-0.123050 1.762480
-0.125237 1.704179
-0.075210 1.724293
-0.051328 1.689663
-0.055551 1.690376
-0.041190 1.648240
-0.041412 1.609847
-0.023571 1.633092
0.003834 1.553071
0.020823 1.570497
0.106601 1.569744
0.113255 1.533983
0.159231 1.497034
0.180948 1.484771
0.236899 1.502142
0.239091 1.465845
0.199058 1.464937
0.225397 1.426288
0.215939 1.361685
0.211004 1.382155
0.230853 1.359296
0.134654 1.354088
0.125317 1.296763
0.142031 1.264587
0.045862 1.293246
0.019390 1.225022
-0.050862 1.193073
-0.087144 1.179497
-0.197140 1.217035
-0.175154 1.120930
-0.258861 1.107578
-0.275193 1.104175
-0.355933 1.103536
-0.340966 1.033921
-0.410075 1.011980
-0.433283 1.009094
-0.456572 1.037541
-0.445052 1.044598
-0.434305 0.996372
-0.379834 0.989184
-0.404439 0.953666
-0.345436 0.899355
-0.227116 0.934687
-0.247138 0.875843
-0.097719 0.816214
-0.014876 0.847548
0.087195 0.854945
0.059670 0.816737
0.206069 0.819746
0.241855 0.744898
0.330417 0.758570
0.422241 0.672115
0.412267 0.694041
0.503915 0.649422
0.502388 0.646861
0.561033 0.621375
0.540056 0.573697
0.507906 0.640419
0.504446 0.569382
0.471368 0.521119
0.426319 0.560101
0.304694 0.562811
0.254304 0.515481
0.108118 0.463853
0.037535 0.433068
-0.071156 0.446611
-0.178816 0.405363
-0.265586 0.439266
-0.353130 0.389240
-0.470422 0.378660
-0.571225 0.289434
-0.579523 0.338140
-0.722582 0.286665
-0.693528 0.305415
-0.789369 0.291606
-0.729017 0.217304
-0.729521 0.180793
-0.713434 0.174142
-0.679745 0.150295
-0.589046 0.168374
-0.459376 0.092383
-0.364084 0.069020
-0.307277 0.085831
-0.186804 0.094490
-0.088136 0.015075
