1.301064
-0.033442 2.069269
-0.069795 2.011542
-0.024656 2.053986
-0.049536 1.949353
-0.062923 1.952526
-0.023387 1.934668
-0.086996 1.968841
-0.111069 1.870676
-0.133322 1.898379
-0.116053 1.841179
-0.144637 1.897247
-0.100020 1.805855
-0.120291 1.797696
-0.135710 1.782986
-0.165892 1.717709
-0.121946 1.762480
-0.123251 1.704179
-0.073326 1.724293
-0.050096 1.689663
-0.053116 1.690376
-0.036520 1.648240
-0.037078 1.609847
-0.021330 1.633092
0.006973 1.553071
0.023451 1.570497
0.111397 1.569744
0.116448 1.533983
0.161278 1.497034
0.182416 1.484771
0.236467 1.502142
0.238854 1.465845
0.196693 1.464937
0.223363 1.426288
0.212709 1.361685
0.203541 1.382155
0.224288 1.359296
0.124536 1.354088
0.116515 1.296763
0.130043 1.264587
0.033772 1.293246
0.005998 1.225022
-0.064888 1.193073
-0.100722 1.179497
-0.210336 1.217035
-0.187583 1.120930
-0.269891 1.107578
-0.283634 1.104175
-0.365028 1.103536
-0.347679 1.033921
-0.413750 1.011980
-0.434832 1.009094
-0.458556 1.037541
-0.442159 1.044598
-0.430035 0.996372
-0.374942 0.989184
-0.397176 0.953666
-0.336899 0.899355
-0.215199 0.934687
-0.234573 0.875843
-0.083716 0.816214
-0.002485 0.847548
0.099611 0.854945
0.073952 0.816737
0.217390 0.819746
0.254209 0.744898
0.339017 0.758570
0.429660 0.672115
0.418925 0.694041
0.506826 0.649422
0.502827 0.646861
0.559206 0.621375
0.535560 0.573697
0.500466 0.640419
0.492290 0.569382
0.456502 0.521119
0.409367 0.560101
0.286145 0.562811
0.234877 0.515481
0.086357 0.463853
0.013934 0.433068
-0.093213 0.446611
-0.199894 0.405363
-0.288150 0.439266
-0.371389 0.389240
-0.486939 0.378660
-0.586231 0.289434
-0.592473 0.338140
-0.731894 0.286665
-0.698450 0.305415
-0.793139 0.291606
-0.727129 0.217304
-0.726400 0.180793
-0.705897 0.174142
-0.666739 0.150295
-0.573670 0.168374
-0.442229 0.092383
-0.344562 0.069020
-0.285561 0.085831
-0.165201 0.094490
-0.064803 0.015075
