1.332797
-0.034397 2.069269
-0.073800 2.011542
-0.027790 2.053986
-0.051884 1.949353
-0.064610 1.952526
-0.026606 1.934668
-0.090779 1.968841
-0.112914 1.870676
-0.137094 1.898379
-0.118023 1.841179
-0.147970 1.897247
-0.101713 1.805855
-0.120240 1.797696
-0.136639 1.782986
-0.165442 1.717709
-0.120720 1.762480
-0.121140 1.704179
-0.071367 1.724293
-0.048812 1.689663
-0.050627 1.690376
-0.031814 1.648240
-0.032706 1.609847
-0.019067 1.633092
0.010105 1.553071
0.026055 1.570497
0.116080 1.569744
0.119523 1.533983
0.163162 1.497034
0.183701 1.484771
0.235797 1.502142
0.238377 1.465845
0.194130 1.464937
0.221103 1.426288
0.209265 1.361685
0.195873 1.382155
0.217497 1.359296
0.114293 1.354088
0.107596 1.296763
0.117925 1.264587
0.021647 1.293246
-0.007400 1.225022
-0.078850 1.193073
-0.114197 1.179497
-0.223320 1.217035
-0.199822 1.120930
-0.280649 1.107578
-0.291791 1.104175
-0.373755 1.103536
-0.354041 1.033921
-0.417008 1.011980
-0.435944 1.009094
-0.460078 1.037541
-0.438822 1.044598
-0.425331 0.996372
-0.369674 0.989184
-0.389513 0.953666
-0.328023 0.899355
-0.203065 0.934687
-0.221771 0.875843
-0.069629 0.816214
0.009908 0.847548
0.111927 0.854945
0.088160 0.816737
0.228492 0.819746
0.266307 0.744898
0.347275 0.758570
0.436646 0.672115
0.425160 0.694041
0.509226 0.649422
0.502760 0.646861
0.556816 0.621375
0.530525 0.573697
0.492521 0.640419
0.479638 0.569382
0.441177 0.521119
0.392003 0.560101
0.267307 0.562811
0.215212 0.515481
0.064510 0.463853
-0.009680 0.433068
-0.115176 0.446611
-0.220770 0.405363
-0.310424 0.439266
-0.389273 0.389240
-0.502966 0.378660
-0.600647 0.289434
-0.604826 0.338140
-0.740468 0.286665
-0.702669 0.305415
-0.796111 0.291606
-0.724509 0.217304
-0.722548 0.180793
-0.697649 0.174142
-0.653062 0.150295
-0.557715 0.168374
-0.424637 0.092383
-0.324693 0.069020
-0.263558 0.085831
-0.143432 0.094490
-0.041405 0.015075
