1.364530
-0.035318 2.069269
-0.077731 2.011542
-0.030897 2.053986
-0.054180 1.949353
-0.066232 1.952526
-0.029799 1.934668
-0.094470 1.968841
-0.114645 1.870676
-0.140729 1.898379
-0.119873 1.841179
-0.151155 1.897247
-0.103304 1.805855
-0.120069 1.797696
-0.137431 1.782986
-0.164825 1.717709
-0.119372 1.762480
-0.118907 1.704179
-0.069337 1.724293
-0.047480 1.689663
-0.048088 1.690376
-0.027076 1.648240
-0.028301 1.609847
-0.016785 1.633092
0.013227 1.553071
0.028633 1.570497
0.120647 1.569744
0.122478 1.533983
0.164883 1.497034
0.184800 1.484771
0.234890 1.502142
0.237659 1.465845
0.191372 1.464937
0.218622 1.426288
0.205611 1.361685
0.188008 1.382155
0.210487 1.359296
0.103934 1.354088
0.098568 1.296763
0.105687 1.264587
0.009502 1.293246
-0.020791 1.225022
-0.092732 1.193073
-0.127558 1.179497
-0.236079 1.217035
-0.211861 1.120930
-0.291125 1.107578
-0.299653 1.104175
-0.382106 1.103536
-0.360047 1.033921
-0.419846 1.011980
-0.436616 1.009094
-0.461137 1.037541
-0.435042 1.044598
-0.420199 0.996372
-0.364033 0.989184
-0.381457 0.953666
-0.318817 0.899355
-0.190728 0.934687
-0.208746 0.875843
-0.055471 0.816214
0.022292 0.847548
0.124129 0.854945
0.102279 0.816737
0.239363 0.819746
0.278136 0.744898
0.355184 0.758570
0.443193 0.672115
0.430967 0.694041
0.511114 0.649422
0.502187 0.646861
0.553866 0.621375
0.524956 0.573697
0.484081 0.640419
0.466503 0.569382
0.425408 0.521119
0.374245 0.560101
0.248201 0.562811
0.195332 0.515481
0.042597 0.463853
-0.033284 0.433068
-0.137023 0.446611
-0.241424 0.405363
-0.332386 0.439266
-0.406766 0.389240
-0.518486 0.378660
-0.614458 0.289434
-0.616570 0.338140
-0.748297 0.286665
-0.706180 0.305415
-0.798281 0.291606
-0.721159 0.217304
-0.717968 0.180793
-0.688700 0.174142
-0.638728 0.150295
-0.541200 0.168374
-0.406618 0.092383
-0.304497 0.069020
-0.241289 0.085831
-0.121518 0.094490
-0.017964 0.015075
