1.396263
-0.036204 2.069269
-0.081583 2.011542
-0.033972 2.053986
-0.056422 1.949353
-0.067788 1.952526
-0.032962 1.934668
-0.098065 1.968841
-0.116261 1.870676
-0.144221 1.898379
-0.121603 1.841179
-0.154187 1.897247
-0.104791 1.805855
-0.119776 1.797696
-0.138084 1.782986
-0.164042 1.717709
-0.117904 1.762480
-0.116555 1.704179
-0.067237 1.724293
-0.046100 1.689663
-0.045500 1.690376
-0.022311 1.648240
-0.023868 1.609847
-0.014487 1.633092
0.016336 1.553071
0.031182 1.570497
0.125092 1.569744
0.125309 1.533983
0.166437 1.497034
0.185714 1.484771
0.233746 1.502142
0.236703 1.465845
0.188421 1.464937
0.215920 1.426288
0.201749 1.361685
0.179953 1.382155
0.203266 1.359296
0.093472 1.354088
0.089440 1.296763
0.093344 1.264587
-0.002654 1.293246
-0.034160 1.225022
-0.106521 1.193073
-0.140791 1.179497
-0.248601 1.217035
-0.223686 1.120930
-0.301308 1.107578
-0.307214 1.104175
-0.390072 1.103536
-0.365690 1.033921
-0.422261 1.011980
-0.436849 1.009094
-0.461732 1.037541
-0.430825 1.044598
-0.414644 0.996372
-0.358025 0.989184
-0.373018 0.953666
-0.309289 0.899355
-0.178198 0.934687
-0.195511 0.875843
-0.041258 0.816214
0.034653 0.847548
0.136207 0.854945
0.116295 0.816737
0.249994 0.819746
0.289686 0.744898
0.362735 0.758570
0.449293 0.672115
0.436340 0.694041
0.512487 0.649422
0.501108 0.646861
0.550357 0.621375
0.518858 0.573697
0.475153 0.640419
0.452898 0.569382
0.409210 0.521119
0.356109 0.560101
0.228844 0.562811
0.175254 0.515481
0.020641 0.463853
-0.056855 0.433068
-0.158732 0.446611
-0.261835 0.405363
-0.354013 0.439266
-0.423849 0.389240
-0.533484 0.378660
-0.627651 0.289434
-0.627693 0.338140
-0.755373 0.286665
-0.708980 0.305415
-0.799647 0.291606
-0.717083 0.217304
-0.712666 0.180793
-0.679056 0.174142
-0.623750 0.150295
-0.524139 0.168374
-0.388189 0.092383
-0.283995 0.069020
-0.218778 0.085831
-0.099482 0.094490
0.005494 0.015075
