1.427997
-0.037053 2.069269
-0.085353 2.011542
-0.037013 2.053986
-0.058607 1.949353
-0.069275 1.952526
-0.036091 1.934668
-0.101563 1.968841
-0.117760 1.870676
-0.147569 1.898379
-0.123210 1.841179
-0.157064 1.897247
-0.106173 1.805855
-0.119363 1.797696
-0.138599 1.782986
-0.163093 1.717709
-0.116317 1.762480
-0.114085 1.704179
-0.065069 1.724293
-0.044674 1.689663
-0.042866 1.690376
-0.017523 1.648240
-0.019411 1.609847
-0.012174 1.633092
0.019428 1.553071
0.033699 1.570497
0.129411 1.569744
0.128015 1.533983
0.167824 1.497034
0.186441 1.484771
0.232367 1.502142
0.235508 1.465845
0.185280 1.464937
0.213000 1.426288
0.197684 1.361685
0.171718 1.382155
0.195839 1.359296
0.082915 1.354088
0.080223 1.296763
0.080906 1.264587
-0.014807 1.293246
-0.047496 1.225022
-0.120203 1.193073
-0.153881 1.179497
-0.260872 1.217035
-0.235285 1.120930
-0.311187 1.107578
-0.314465 1.104175
-0.397645 1.103536
-0.370966 1.033921
-0.424251 1.011980
-0.436642 1.009094
-0.461861 1.037541
-0.426173 1.044598
-0.408671 0.996372
-0.351657 0.989184
-0.364203 0.953666
-0.299450 0.899355
-0.165488 0.934687
-0.182080 0.875843
-0.027003 0.816214
0.046979 0.847548
0.148148 0.854945
0.130194 0.816737
0.260373 0.819746
0.300943 0.744898
0.369921 0.758570
0.454941 0.672115
0.441274 0.694041
0.513344 0.649422
0.499525 0.646861
0.546295 0.621375
0.512237 0.573697
0.465747 0.640419
0.438837 0.569382
0.392601 0.521119
0.337615 0.560101
0.209257 0.562811
0.155000 0.515481
-0.001335 0.463853
-0.080368 0.433068
-0.180281 0.446611
-0.281983 0.405363
-0.375283 0.439266
-0.440505 0.389240
-0.547944 0.378660
-0.640211 0.289434
-0.638184 0.338140
-0.761688 0.286665
-0.711067 0.305415
-0.800208 0.291606
-0.712285 0.217304
-0.706645 0.180793
-0.668729 0.174142
-0.608144 0.150295
-0.506550 0.168374
-0.369369 0.092383
-0.263206 0.069020
-0.196046 0.085831
-0.077346 0.094490
0.028947 0.015075
