1.459730
-0.037865 2.069269
-0.089038 2.011542
-0.040017 2.053986
-0.060733 1.949353
-0.070692 1.952526
-0.039184 1.934668
-0.104958 1.968841
-0.119140 1.870676
-0.150768 1.898379
-0.124694 1.841179
-0.159783 1.897247
-0.107447 1.805855
-0.118829 1.797696
-0.138974 1.782986
-0.161981 1.717709
-0.114613 1.762480
-0.111500 1.704179
-0.062836 1.724293
-0.043202 1.689663
-0.040189 1.690376
-0.012718 1.648240
-0.014934 1.609847
-0.009848 1.633092
0.022500 1.553071
0.036183 1.570497
0.133600 1.569744
0.130591 1.533983
0.169042 1.497034
0.186980 1.484771
0.230754 1.502142
0.234076 1.465845
0.181952 1.464937
0.209866 1.426288
0.193421 1.361685
0.163309 1.382155
0.188215 1.359296
0.072274 1.354088
0.070925 1.296763
0.068387 1.264587
-0.026945 1.293246
-0.060783 1.225022
-0.133763 1.193073
-0.166817 1.179497
-0.272880 1.217035
-0.246648 1.120930
-0.320753 1.107578
-0.321400 1.104175
-0.404818 1.103536
-0.375867 1.033921
-0.425814 1.011980
-0.435995 1.009094
-0.461526 1.037541
-0.421093 1.044598
-0.402287 0.996372
-0.344935 0.989184
-0.355021 0.953666
-0.289310 0.899355
-0.152613 0.934687
-0.168465 0.875843
-0.012721 0.816214
0.059258 0.847548
0.159939 0.854945
0.143961 0.816737
0.270490 0.819746
0.311898 0.744898
0.376734 0.758570
0.460131 0.672115
0.445764 0.694041
0.513684 0.649422
0.497438 0.646861
0.541682 0.621375
0.505101 0.573697
0.455872 0.640419
0.424335 0.569382
0.375596 0.521119
0.318781 0.560101
0.189459 0.562811
0.134590 0.515481
-0.023310 0.463853
-0.103801 0.433068
-0.201649 0.446611
-0.301846 0.405363
-0.396176 0.439266
-0.456718 0.389240
-0.561853 0.378660
-0.652127 0.289434
-0.648033 0.338140
-0.767236 0.286665
-0.712437 0.305415
-0.799963 0.291606
-0.706770 0.217304
-0.699914 0.180793
-0.657728 0.174142
-0.591926 0.150295
-0.488451 0.168374
-0.350177 0.092383
-0.242153 0.069020
-0.173117 0.085831
-0.055132 0.094490
0.052370 0.015075
