1.491463
-0.038638 2.069269
-0.092633 2.011542
-0.042980 2.053986
-0.062798 1.949353
-0.072039 1.952526
-0.042238 1.934668
-0.108247 1.968841
-0.120400 1.870676
-0.153815 1.898379
-0.126052 1.841179
-0.162341 1.897247
-0.108614 1.805855
-0.118176 1.797696
-0.139208 1.782986
-0.160705 1.717709
-0.112794 1.762480
-0.108804 1.704179
-0.060539 1.724293
-0.041687 1.689663
-0.037471 1.690376
-0.007900 1.648240
-0.010442 1.609847
-0.007513 1.633092
0.025550 1.553071
0.038630 1.570497
0.137654 1.569744
0.133036 1.533983
0.170089 1.497034
0.187330 1.484771
0.228908 1.502142
0.232408 1.465845
0.178442 1.464937
0.206521 1.426288
0.188962 1.361685
0.154736 1.382155
0.180402 1.359296
0.061561 1.354088
0.061556 1.296763
0.055799 1.264587
-0.039055 1.293246
-0.074009 1.225022
-0.147189 1.193073
-0.179585 1.179497
-0.284614 1.217035
-0.257763 1.120930
-0.329996 1.107578
-0.328011 1.104175
-0.411583 1.103536
-0.380390 1.033921
-0.426948 1.011980
-0.434910 1.009094
-0.460726 1.037541
-0.415588 1.044598
-0.395498 0.996372
-0.337866 0.989184
-0.345482 0.953666
-0.278878 0.899355
-0.139583 0.934687
-0.154680 0.875843
0.001574 0.816214
0.071477 0.847548
0.171569 0.854945
0.157584 0.816737
0.280334 0.819746
0.322539 0.744898
0.383168 0.758570
0.464858 0.672115
0.449804 0.694041
0.513507 0.649422
0.494851 0.646861
0.536524 0.621375
0.497456 0.573697
0.445538 0.640419
0.409405 0.569382
0.358213 0.521119
0.299626 0.560101
0.169471 0.562811
0.114045 0.515481
-0.045262 0.463853
-0.127129 0.433068
-0.222814 0.446611
-0.321406 0.405363
-0.416669 0.439266
-0.472471 0.389240
-0.575197 0.378660
-0.663386 0.289434
-0.657229 0.338140
-0.772012 0.286665
-0.713090 0.305415
-0.798913 0.291606
-0.700543 0.217304
-0.692477 0.180793
-0.646066 0.174142
-0.575112 0.150295
-0.469861 0.168374
-0.330632 0.092383
-0.220856 0.069020
-0.150014 0.085831
-0.032862 0.094490
0.075741 0.015075
