1.523196
-0.039373 2.069269
-0.096134 2.011542
-0.045901 2.053986
-0.064799 1.949353
-0.073312 1.952526
-0.045249 1.934668
-0.111427 1.968841
-0.121539 1.870676
-0.156707 1.898379
-0.127282 1.841179
-0.164735 1.897247
-0.109670 1.805855
-0.117404 1.797696
-0.139303 1.782986
-0.159268 1.717709
-0.110861 1.762480
-0.105997 1.704179
-0.058182 1.724293
-0.040130 1.689663
-0.034716 1.690376
-0.003073 1.648240
-0.005940 1.609847
-0.005170 1.633092
0.028574 1.553071
0.041038 1.570497
0.141570 1.569744
0.135347 1.533983
0.170965 1.497034
0.187492 1.484771
0.226832 1.502142
0.230507 1.465845
0.174752 1.464937
0.202968 1.426288
0.184313 1.361685
0.146007 1.382155
0.172407 1.359296
0.050785 1.354088
0.052124 1.296763
0.043155 1.264587
-0.051127 1.293246
-0.087161 1.225022
-0.160466 1.193073
-0.192171 1.179497
-0.296061 1.217035
-0.268618 1.120930
-0.338907 1.107578
-0.334292 1.104175
-0.417934 1.103536
-0.384531 1.033921
-0.427652 1.011980
-0.433386 1.009094
-0.459462 1.037541
-0.409665 1.044598
-0.388310 0.996372
-0.330456 0.989184
-0.335595 0.953666
-0.268165 0.899355
-0.126413 0.934687
-0.140739 0.875843
0.015868 0.816214
0.083624 0.847548
0.183027 0.854945
0.171048 0.816737
0.289896 0.819746
0.332855 0.744898
0.389216 0.758570
0.469116 0.672115
0.453392 0.694041
0.512812 0.649422
0.491766 0.646861
0.530825 0.621375
0.489311 0.573697
0.434755 0.640419
0.394063 0.569382
0.340469 0.521119
0.280170 0.560101
0.149312 0.562811
0.093384 0.515481
-0.067168 0.463853
-0.150329 0.433068
-0.243754 0.446611
-0.340642 0.405363
-0.436743 0.439266
-0.487748 0.389240
-0.587961 0.378660
-0.673977 0.289434
-0.665763 0.338140
-0.776010 0.286665
-0.713026 0.305415
-0.797059 0.291606
-0.693611 0.217304
-0.684343 0.180793
-0.633752 0.174142
-0.557719 0.150295
-0.450797 0.168374
-0.310755 0.092383
-0.199336 0.069020
-0.126759 0.085831
-0.010560 0.094490
0.099036 0.015075
