1.554930
-0.040068 2.069269
-0.099539 2.011542
-0.048775 2.053986
-0.066736 1.949353
-0.074512 1.952526
-0.048214 1.934668
-0.114495 1.968841
-0.122555 1.870676
-0.159442 1.898379
-0.128385 1.841179
-0.166964 1.897247
-0.110617 1.805855
-0.116513 1.797696
-0.139258 1.782986
-0.157670 1.717709
-0.108817 1.762480
-0.103084 1.704179
-0.055766 1.724293
-0.038533 1.689663
-0.031926 1.690376
0.001756 1.648240
-0.001432 1.609847
-0.002822 1.633092
0.031570 1.553071
0.043405 1.570497
0.145343 1.569744
0.137522 1.533983
0.171669 1.497034
0.187466 1.484771
0.224528 1.502142
0.228373 1.465845
0.170885 1.464937
0.199210 1.426288
0.179479 1.361685
0.137131 1.382155
0.164238 1.359296
0.039959 1.354088
0.042640 1.296763
0.030467 1.264587
-0.063147 1.293246
-0.100225 1.225022
-0.173583 1.193073
-0.204565 1.179497
-0.307210 1.217035
-0.279202 1.120930
-0.347476 1.107578
-0.340236 1.104175
-0.423864 1.103536
-0.388284 1.033921
-0.427925 1.011980
-0.431426 1.009094
-0.457735 1.037541
-0.403330 1.044598
-0.380732 0.996372
-0.322714 0.989184
-0.325370 0.953666
-0.257183 0.899355
-0.113115 0.934687
-0.126657 0.875843
0.030145 0.816214
0.095687 0.847548
0.194300 0.854945
0.184340 0.816737
0.299167 0.819746
0.342836 0.744898
0.394872 0.758570
0.472902 0.672115
0.456523 0.694041
0.511602 0.649422
0.488185 0.646861
0.524593 0.621375
0.480672 0.573697
0.423535 0.640419
0.378324 0.569382
0.322382 0.521119
0.260431 0.560101
0.129002 0.562811
0.072630 0.515481
-0.089006 0.463853
-0.173378 0.433068
-0.264449 0.446611
-0.359535 0.405363
-0.456377 0.439266
-0.502534 0.389240
-0.600133 0.378660
-0.683890 0.289434
-0.673627 0.338140
-0.779227 0.286665
-0.712243 0.305415
-0.794401 0.291606
-0.685980 0.217304
-0.675520 0.180793
-0.620801 0.174142
-0.539764 0.150295
-0.431280 0.168374
-0.290565 0.092383
-0.177616 0.069020
-0.103377 0.085831
0.011754 0.094490
0.122231 0.015075
