0.158666
0.013992 2.069269
0.086839 2.011542
0.079975 2.053986
0.047470 1.949353
0.023141 1.952526
0.082922 1.934668
0.073558 1.968841
0.008354 1.870676
0.054697 1.898379
0.009927 1.841179
0.037572 1.897247
0.008442 1.805855
-0.049688 1.797696
-0.027771 1.782986
-0.079436 1.717709
-0.084056 1.762480
-0.109935 1.704179
-0.085550 1.724293
-0.056874 1.689663
-0.092649 1.690376
-0.149565 1.648240
-0.140205 1.609847
-0.073418 1.633092
-0.086998 1.553071
-0.065254 1.570497
-0.089604 1.569744
-0.041472 1.533983
0.010638 1.497034
0.036313 1.484771
0.114025 1.502142
0.109457 1.465845
0.152349 1.464937
0.154337 1.426288
0.184027 1.361685
0.301458 1.382155
0.284631 1.359296
0.343606 1.354088
0.302444 1.296763
0.399579 1.264587
0.361137 1.293246
0.386525 1.225022
0.374256 1.193073
0.345961 1.179497
0.287910 1.217035
0.275687 1.120930
0.200220 1.107578
0.120106 1.104175
0.103834 1.103536
0.042996 1.033921
-0.072505 1.011980
-0.142494 1.009094
-0.140230 1.037541
-0.272987 1.044598
-0.307292 0.996372
-0.301398 0.989184
-0.378958 0.953666
-0.389569 0.899355
-0.434151 0.934687
-0.461072 0.875843
-0.437452 0.816214
-0.356314 0.847548
-0.313138 0.854945
-0.377677 0.816737
-0.231117 0.819746
-0.244904 0.744898
-0.100824 0.758570
-0.028011 0.672115
-0.010783 0.694041
0.134409 0.649422
0.203544 0.646861
0.292754 0.621375
0.359108 0.573697
0.428440 0.640419
0.560129 0.569382
0.622415 0.521119
0.661967 0.560101
0.654804 0.562811
0.657946 0.515481
0.660998 0.463853
0.682598 0.433068
0.592297 0.446611
0.518371 0.405363
0.523049 0.439266
0.363829 0.389240
0.264222 0.378660
0.178231 0.289434
0.116588 0.338140
-0.047639 0.286665
-0.159110 0.305415
-0.232837 0.291606
-0.366688 0.217304
-0.401715 0.180793
-0.519504 0.174142
-0.659463 0.150295
-0.687437 0.168374
-0.681685 0.092383
-0.707799 0.069020
-0.745328 0.085831
-0.690362 0.094490
-0.696815 0.015075
