1.586663
-0.040723 2.069269
-0.102843 2.011542
-0.051600 2.053986
-0.068605 1.949353
-0.075637 1.952526
-0.051131 1.934668
-0.117448 1.968841
-0.123448 1.870676
-0.162016 1.898379
-0.129359 1.841179
-0.169024 1.897247
-0.111452 1.805855
-0.115506 1.797696
-0.139072 1.782986
-0.155914 1.717709
-0.106662 1.762480
-0.100067 1.704179
-0.053293 1.724293
-0.036897 1.689663
-0.029103 1.690376
0.006584 1.648240
0.003078 1.609847
-0.000471 1.633092
0.034533 1.553071
0.045729 1.570497
0.148969 1.569744
0.139558 1.533983
0.172201 1.497034
0.187250 1.484771
0.221997 1.502142
0.226009 1.465845
0.166847 1.464937
0.195252 1.426288
0.174464 1.361685
0.128117 1.382155
0.155905 1.359296
0.029092 1.354088
0.033113 1.296763
0.017749 1.264587
-0.075103 1.293246
-0.113188 1.225022
-0.186524 1.193073
-0.216752 1.179497
-0.318050 1.217035
-0.289505 1.120930
-0.355696 1.107578
-0.345838 1.104175
-0.429367 1.103536
-0.391645 1.033921
-0.427768 1.011980
-0.429032 1.009094
-0.455548 1.037541
-0.396588 1.044598
-0.372770 0.996372
-0.314646 0.989184
-0.314818 0.953666
-0.245941 0.899355
-0.099704 0.934687
-0.112447 0.875843
0.044392 0.816214
0.107654 0.847548
0.205378 0.854945
0.197446 0.816737
0.308136 0.819746
0.352471 0.744898
0.400131 0.758570
0.476212 0.672115
0.459195 0.694041
0.509876 0.649422
0.484112 0.646861
0.517832 0.621375
0.471550 0.573697
0.411888 0.640419
0.362204 0.569382
0.303971 0.521119
0.240430 0.560101
0.108563 0.562811
0.051802 0.515481
-0.110755 0.463853
-0.196252 0.433068
-0.284877 0.446611
-0.378066 0.405363
-0.475552 0.439266
-0.516814 0.389240
-0.611701 0.378660
-0.693113 0.289434
-0.680813 0.338140
-0.781660 0.286665
-0.710743 0.305415
-0.790944 0.291606
-0.677659 0.217304
-0.666017 0.180793
-0.607224 0.174142
-0.521266 0.150295
-0.411328 0.168374
-0.270082 0.092383
-0.155716 0.069020
-0.079891 0.085831
0.034055 0.094490
0.145303 0.015075
