1.618396
-0.041337 2.069269
-0.106044 2.011542
-0.054373 2.053986
-0.070405 1.949353
-0.076686 1.952526
-0.053997 1.934668
-0.120282 1.968841
-0.124217 1.870676
-0.164426 1.898379
-0.130202 1.841179
-0.170915 1.897247
-0.112175 1.805855
-0.114382 1.797696
-0.138746 1.782986
-0.154000 1.717709
-0.104401 1.762480
-0.096949 1.704179
-0.050767 1.724293
-0.035223 1.689663
-0.026252 1.690376
0.011404 1.648240
0.007585 1.609847
0.001881 1.633092
0.037462 1.553071
0.048006 1.570497
0.152446 1.569744
0.141454 1.533983
0.172559 1.497034
0.186846 1.484771
0.219243 1.502142
0.223418 1.465845
0.162641 1.464937
0.191097 1.426288
0.169273 1.361685
0.118974 1.382155
0.147414 1.359296
0.018196 1.354088
0.023553 1.296763
0.005013 1.264587
-0.086984 1.293246
-0.126037 1.225022
-0.199277 1.193073
-0.228721 1.179497
-0.328570 1.217035
-0.299517 1.120930
-0.363557 1.107578
-0.351091 1.104175
-0.434438 1.103536
-0.394613 1.033921
-0.427180 1.011980
-0.426205 1.009094
-0.452902 1.037541
-0.389447 1.044598
-0.364433 0.996372
-0.306262 0.989184
-0.303948 0.953666
-0.234452 0.899355
-0.086192 0.934687
-0.098124 0.875843
0.058594 0.816214
0.119512 0.847548
0.216249 0.854945
0.210354 0.816737
0.316795 0.819746
0.361752 0.744898
0.404987 0.758570
0.479043 0.672115
0.461404 0.694041
0.507637 0.649422
0.479553 0.646861
0.510549 0.621375
0.461953 0.573697
0.399826 0.640419
0.345720 0.569382
0.285253 0.521119
0.220187 0.560101
0.088014 0.562811
0.030923 0.515481
-0.132392 0.463853
-0.218929 0.433068
-0.305019 0.446611
-0.396216 0.405363
-0.494248 0.439266
-0.530574 0.389240
-0.622653 0.378660
-0.701639 0.289434
-0.687313 0.338140
-0.783305 0.286665
-0.708527 0.305415
-0.786691 0.291606
-0.668655 0.217304
-0.655843 0.180793
-0.593036 0.174142
-0.502243 0.150295
-0.390962 0.168374
-0.249327 0.092383
-0.133660 0.069020
-0.056324 0.085831
0.056322 0.094490
0.168228 0.015075
