1.650129
-0.041909 2.069269
-0.109138 2.011542
-0.057091 2.053986
-0.072134 1.949353
-0.077657 1.952526
-0.056808 1.934668
-0.122996 1.968841
-0.124861 1.870676
-0.166672 1.898379
-0.130914 1.841179
-0.172633 1.897247
-0.112785 1.805855
-0.113143 1.797696
-0.138281 1.782986
-0.151932 1.717709
-0.102034 1.762480
-0.093734 1.704179
-0.048190 1.724293
-0.033515 1.689663
-0.023373 1.690376
0.016214 1.648240
0.012084 1.609847
0.004230 1.633092
0.040353 1.553071
0.050235 1.570497
0.155769 1.569744
0.143207 1.533983
0.172743 1.497034
0.186254 1.484771
0.216268 1.502142
0.220602 1.465845
0.158271 1.464937
0.186750 1.426288
0.163912 1.361685
0.109711 1.382155
0.138774 1.359296
0.007282 1.354088
0.013969 1.296763
-0.007728 1.264587
-0.098777 1.293246
-0.138759 1.225022
-0.211830 1.193073
-0.240460 1.179497
-0.338758 1.217035
-0.309228 1.120930
-0.371053 1.107578
-0.355991 1.104175
-0.439071 1.103536
-0.397183 1.033921
-0.426162 1.011980
-0.422950 1.009094
-0.449799 1.037541
-0.381914 1.044598
-0.355729 0.996372
-0.297570 0.989184
-0.292773 0.953666
-0.222727 0.899355
-0.072594 0.934687
-0.083703 0.875843
0.072738 0.816214
0.131250 0.847548
0.226902 0.854945
0.223049 0.816737
0.325134 0.819746
0.370668 0.744898
0.409435 0.758570
0.481391 0.672115
0.463149 0.694041
0.504887 0.649422
0.474510 0.646861
0.502753 0.621375
0.451890 0.573697
0.387362 0.640419
0.328887 0.569382
0.266249 0.521119
0.199722 0.560101
0.067377 0.562811
0.010012 0.515481
-0.153896 0.463853
-0.241385 0.433068
-0.324854 0.446611
-0.413968 0.405363
-0.512446 0.439266
-0.543799 0.389240
-0.632978 0.378660
-0.709459 0.289434
-0.693121 0.338140
-0.784161 0.286665
-0.705598 0.305415
-0.781645 0.291606
-0.658978 0.217304
-0.645009 0.180793
-0.578251 0.174142
-0.482714 0.150295
-0.370203 0.168374
-0.228321 0.092383
-0.111470 0.069020
-0.032701 0.085831
0.078533 0.094490
0.190984 0.015075
