1.681863
-0.042439 2.069269
-0.112123 2.011542
-0.059752 2.053986
-0.073790 1.949353
-0.078551 1.952526
-0.059562 1.934668
-0.125585 1.968841
-0.125379 1.870676
-0.168749 1.898379
-0.131494 1.841179
-0.174177 1.897247
-0.113281 1.805855
-0.111790 1.797696
-0.137676 1.782986
-0.149710 1.717709
-0.099565 1.762480
-0.090424 1.704179
-0.045565 1.724293
-0.031772 1.689663
-0.020472 1.690376
0.021007 1.648240
0.016571 1.609847
0.006576 1.633092
0.043204 1.553071
0.052413 1.570497
0.158936 1.569744
0.144816 1.533983
0.172753 1.497034
0.185474 1.484771
0.213076 1.502142
0.217563 1.465845
0.153741 1.464937
0.182215 1.426288
0.158385 1.361685
0.100337 1.382155
0.129995 1.359296
-0.003639 1.354088
0.004371 1.296763
-0.020462 1.264587
-0.110471 1.293246
-0.151342 1.225022
-0.224169 1.193073
-0.251957 1.179497
-0.348606 1.217035
-0.318626 1.120930
-0.378174 1.107578
-0.360533 1.104175
-0.443262 1.103536
-0.399354 1.033921
-0.424714 1.011980
-0.419269 1.009094
-0.446244 1.037541
-0.373997 1.044598
-0.346666 0.996372
-0.288578 0.989184
-0.281302 0.953666
-0.210777 0.899355
-0.058922 0.934687
-0.069197 0.875843
0.086808 0.816214
0.142856 0.847548
0.237327 0.854945
0.235520 0.816737
0.333147 0.819746
0.379211 0.744898
0.413470 0.758570
0.483254 0.672115
0.464427 0.694041
0.501628 0.649422
0.468990 0.646861
0.494450 0.621375
0.441373 0.573697
0.374507 0.640419
0.311723 0.569382
0.246976 0.521119
0.179056 0.560101
0.046672 0.562811
-0.010909 0.515481
-0.175245 0.463853
-0.263598 0.433068
-0.344361 0.446611
-0.431302 0.405363
-0.530128 0.439266
-0.556477 0.389240
-0.642665 0.378660
-0.716564 0.289434
-0.698231 0.338140
-0.784228 0.286665
-0.701958 0.305415
-0.775813 0.291606
-0.648638 0.217304
-0.633526 0.180793
-0.562884 0.174142
-0.462699 0.150295
-0.349070 0.168374
-0.207086 0.092383
-0.089167 0.069020
-0.009044 0.085831
0.100664 0.094490
0.213548 0.015075
