1.713596
-0.042926 2.069269
-0.114994 2.011542
-0.062352 2.053986
-0.075373 1.949353
-0.079365 1.952526
-0.062256 1.934668
-0.128048 1.968841
-0.125771 1.870676
-0.170656 1.898379
-0.131942 1.841179
-0.175546 1.897247
-0.113664 1.805855
-0.110324 1.797696
-0.136933 1.782986
-0.147338 1.717709
-0.096995 1.762480
-0.087023 1.704179
-0.042893 1.724293
-0.029997 1.689663
-0.017549 1.690376
0.025779 1.648240
0.021041 1.609847
0.008914 1.633092
0.046011 1.553071
0.054539 1.570497
0.161942 1.569744
0.146279 1.533983
0.172589 1.497034
0.184508 1.484771
0.209669 1.502142
0.214306 1.465845
0.149057 1.464937
0.177496 1.426288
0.152700 1.361685
0.090863 1.382155
0.121085 1.359296
-0.014557 1.354088
-0.005231 1.296763
-0.033175 1.264587
-0.122053 1.293246
-0.163772 1.225022
-0.236283 1.193073
-0.263200 1.179497
-0.358102 1.217035
-0.327705 1.120930
-0.384915 1.107578
-0.364711 1.104175
-0.447007 1.103536
-0.401122 1.033921
-0.422840 1.011980
-0.415165 1.009094
-0.442240 1.037541
-0.365703 1.044598
-0.337255 0.996372
-0.279295 0.989184
-0.269549 0.953666
-0.198615 0.899355
-0.045191 0.934687
-0.054621 0.875843
0.100791 0.816214
0.154318 0.847548
0.247512 0.854945
0.247754 0.816737
0.340824 0.819746
0.387373 0.744898
0.417089 0.758570
0.484631 0.672115
0.465237 0.694041
0.497864 0.649422
0.462997 0.646861
0.485649 0.621375
0.430411 0.573697
0.361276 0.640419
0.294245 0.569382
0.227455 0.521119
0.158210 0.560101
0.025920 0.562811
-0.031819 0.515481
-0.196418 0.463853
-0.285546 0.433068
-0.363522 0.446611
-0.448202 0.405363
-0.547277 0.439266
-0.568595 0.389240
-0.651706 0.378660
-0.722947 0.289434
-0.702638 0.338140
-0.783505 0.286665
-0.697612 0.305415
-0.769199 0.291606
-0.637644 0.217304
-0.621404 0.180793
-0.546950 0.174142
-0.442219 0.150295
-0.327586 0.168374
-0.185641 0.092383
-0.066774 0.069020
0.014621 0.085831
0.122694 0.094490
0.235897 0.015075
