1.745329
-0.043370 2.069269
-0.117750 2.011542
-0.064890 2.053986
-0.076879 1.949353
-0.080099 1.952526
-0.064887 1.934668
-0.130382 1.968841
-0.126036 1.870676
-0.172392 1.898379
-0.132257 1.841179
-0.176738 1.897247
-0.113932 1.805855
-0.108747 1.797696
-0.136051 1.782986
-0.144817 1.717709
-0.094328 1.762480
-0.083535 1.704179
-0.040178 1.724293
-0.028193 1.689663
-0.014610 1.690376
0.030525 1.648240
0.025490 1.609847
0.011244 1.633092
0.048771 1.553071
0.056609 1.570497
0.164786 1.569744
0.147595 1.533983
0.172251 1.497034
0.183355 1.484771
0.206050 1.502142
0.210832 1.465845
0.144223 1.464937
0.172599 1.426288
0.146860 1.361685
0.081297 1.382155
0.112053 1.359296
-0.025461 1.354088
-0.014828 1.296763
-0.045854 1.264587
-0.133513 1.293246
-0.176037 1.225022
-0.248159 1.193073
-0.274178 1.179497
-0.367238 1.217035
-0.336453 1.120930
-0.391269 1.107578
-0.368522 1.104175
-0.450302 1.103536
-0.402486 1.033921
-0.420539 1.011980
-0.410643 1.009094
-0.437790 1.037541
-0.357040 1.044598
-0.327504 0.996372
-0.269731 0.989184
-0.257523 0.953666
-0.186254 0.899355
-0.031415 0.934687
-0.039990 0.875843
0.114672 0.816214
0.165624 0.847548
0.257449 0.854945
0.259739 0.816737
0.348158 0.819746
0.395144 0.744898
0.420289 0.758570
0.485520 0.672115
0.465580 0.694041
0.493599 0.649422
0.456538 0.646861
0.476360 0.621375
0.419016 0.573697
0.347681 0.640419
0.276471 0.569382
0.207704 0.521119
0.137205 0.560101
0.005142 0.562811
-0.052697 0.515481
-0.217393 0.463853
-0.307206 0.433068
-0.382317 0.446611
-0.464651 0.405363
-0.563874 0.439266
-0.580140 0.389240
-0.660090 0.378660
-0.728603 0.289434
-0.706337 0.338140
-0.781994 0.286665
-0.692563 0.305415
-0.761810 0.291606
-0.626008 0.217304
-0.608657 0.180793
-0.530465 0.174142
-0.421293 0.150295
-0.305773 0.168374
-0.164010 0.092383
-0.044315 0.069020
0.038272 0.085831
0.144601 0.094490
0.258008 0.015075
