1.777063
-0.043770 2.069269
-0.120387 2.011542
-0.067362 2.053986
-0.078308 1.949353
-0.080753 1.952526
-0.067453 1.934668
-0.132585 1.968841
-0.126174 1.870676
-0.173954 1.898379
-0.132439 1.841179
-0.177753 1.897247
-0.114085 1.805855
-0.107061 1.797696
-0.135033 1.782986
-0.142150 1.717709
-0.091566 1.762480
-0.079962 1.704179
-0.037423 1.724293
-0.026360 1.689663
-0.011655 1.690376
0.035240 1.648240
0.029913 1.609847
0.013562 1.633092
0.051483 1.553071
0.058623 1.570497
0.167463 1.569744
0.148763 1.533983
0.171740 1.497034
0.182018 1.484771
0.202225 1.502142
0.207147 1.465845
0.139243 1.464937
0.167528 1.426288
0.140873 1.361685
0.071650 1.382155
0.102909 1.359296
-0.036338 1.354088
-0.024411 1.296763
-0.058487 1.264587
-0.144838 1.293246
-0.188125 1.225022
-0.259785 1.193073
-0.284880 1.179497
-0.376005 1.217035
-0.344862 1.120930
-0.397228 1.107578
-0.371962 1.104175
-0.453144 1.103536
-0.403445 1.033921
-0.417815 1.011980
-0.405708 1.009094
-0.432899 1.037541
-0.348018 1.044598
-0.317423 0.996372
-0.259895 0.989184
-0.245239 0.953666
-0.173704 0.899355
-0.017607 0.934687
-0.025319 0.875843
0.128438 0.816214
0.176764 0.847548
0.267126 0.854945
0.271461 0.816737
0.355141 0.819746
0.402517 0.744898
0.423065 0.758570
0.485920 0.672115
0.465453 0.694041
0.488837 0.649422
0.449620 0.646861
0.466590 0.621375
0.407199 0.573697
0.333735 0.640419
0.258419 0.569382
0.187745 0.521119
0.116061 0.560101
-0.015642 0.562811
-0.073522 0.515481
-0.238149 0.463853
-0.328557 0.433068
-0.400727 0.446611
-0.480632 0.405363
-0.579904 0.439266
-0.591101 0.389240
-0.667810 0.378660
-0.733525 0.289434
-0.709326 0.338140
-0.779695 0.286665
-0.686817 0.305415
-0.753655 0.291606
-0.613742 0.217304
-0.595297 0.180793
-0.513446 0.174142
-0.399942 0.150295
-0.283651 0.168374
-0.142214 0.092383
-0.021810 0.069020
0.061884 0.085831
0.166362 0.094490
0.279860 0.015075
