1.808796
-0.044127 2.069269
-0.122902 2.011542
-0.069767 2.053986
-0.079658 1.949353
-0.081325 1.952526
-0.069951 1.934668
-0.134654 1.968841
-0.126185 1.870676
-0.175341 1.898379
-0.132487 1.841179
-0.178588 1.897247
-0.114123 1.805855
-0.105267 1.797696
-0.133879 1.782986
-0.139341 1.717709
-0.088711 1.762480
-0.076309 1.704179
-0.034630 1.724293
-0.024500 1.689663
-0.008689 1.690376
0.039920 1.648240
0.034306 1.609847
0.015867 1.633092
0.054142 1.553071
0.060578 1.570497
0.169972 1.569744
0.149780 1.533983
0.171057 1.497034
0.180498 1.484771
0.198195 1.502142
0.203253 1.465845
0.134123 1.464937
0.162288 1.426288
0.134743 1.361685
0.061930 1.382155
0.093660 1.359296
-0.047179 1.354088
-0.033968 1.296763
-0.071062 1.264587
-0.156017 1.293246
-0.200023 1.225022
-0.271149 1.193073
-0.295295 1.179497
-0.384392 1.217035
-0.352924 1.120930
-0.402787 1.107578
-0.375028 1.104175
-0.455529 1.103536
-0.403998 1.033921
-0.414670 1.011980
-0.400365 1.009094
-0.427573 1.037541
-0.338646 1.044598
-0.307023 0.996372
-0.249798 0.989184
-0.232708 0.953666
-0.160980 0.899355
-0.003781 0.934687
-0.010623 0.875843
0.142074 0.816214
0.187726 0.847548
0.276534 0.854945
0.282911 0.816737
0.361766 0.819746
0.409485 0.744898
0.425415 0.758570
0.485831 0.672115
0.464858 0.694041
0.483583 0.649422
0.442248 0.646861
0.456351 0.621375
0.394972 0.573697
0.319454 0.640419
0.240106 0.569382
0.167596 0.521119
0.094800 0.560101
-0.036409 0.562811
-0.094273 0.515481
-0.258665 0.463853
-0.349577 0.433068
-0.418733 0.446611
-0.496129 0.405363
-0.595349 0.439266
-0.601466 0.389240
-0.674857 0.378660
-0.737708 0.289434
-0.711600 0.338140
-0.776610 0.286665
-0.680379 0.305415
-0.744741 0.291606
-0.600858 0.217304
-0.581337 0.180793
-0.495910 0.174142
-0.378189 0.150295
-0.261244 0.168374
-0.120274 0.092383
0.000716 0.069020
0.085434 0.085831
0.187955 0.094490
0.301430 0.015075
