1.840529
-0.044438 2.069269
-0.125294 2.011542
-0.072101 2.053986
-0.080928 1.949353
-0.081816 1.952526
-0.072379 1.934668
-0.136588 1.968841
-0.126069 1.870676
-0.176551 1.898379
-0.132402 1.841179
-0.179243 1.897247
-0.114047 1.805855
-0.103367 1.797696
-0.132590 1.782986
-0.136391 1.717709
-0.085768 1.762480
-0.072579 1.704179
-0.031803 1.724293
-0.022616 1.689663
-0.005713 1.690376
0.044560 1.648240
0.038665 1.609847
0.018156 1.633092
0.056748 1.553071
0.062471 1.570497
0.172309 1.569744
0.150647 1.533983
0.170200 1.497034
0.178796 1.484771
0.193966 1.502142
0.199154 1.465845
0.128868 1.464937
0.156884 1.426288
0.128479 1.361685
0.052148 1.382155
0.084318 1.359296
-0.057973 1.354088
-0.043492 1.296763
-0.083564 1.264587
-0.167039 1.293246
-0.211721 1.225022
-0.282241 1.193073
-0.305413 1.179497
-0.392393 1.217035
-0.360631 1.120930
-0.407941 1.107578
-0.377716 1.104175
-0.457455 1.103536
-0.404144 1.033921
-0.411107 1.011980
-0.394618 1.009094
-0.421816 1.037541
-0.328933 1.044598
-0.296313 0.996372
-0.239449 0.989184
-0.219942 0.953666
-0.148094 0.899355
0.010049 0.934687
0.004084 0.875843
0.155567 0.816214
0.198499 0.847548
0.285664 0.854945
0.294076 0.816737
0.368028 0.819746
0.416041 0.744898
0.427337 0.758570
0.485252 0.672115
0.463794 0.694041
0.477842 0.649422
0.434432 0.646861
0.445653 0.621375
0.382347 0.573697
0.304851 0.640419
0.221552 0.569382
0.147279 0.521119
0.073444 0.560101
-0.057140 0.562811
-0.114929 0.515481
-0.278920 0.463853
-0.370245 0.433068
-0.436318 0.446611
-0.511127 0.405363
-0.610195 0.439266
-0.611226 0.389240
-0.681224 0.378660
-0.741149 0.289434
-0.713158 0.338140
-0.772744 0.286665
-0.673256 0.305415
-0.735076 0.291606
-0.587369 0.217304
-0.566793 0.180793
-0.477875 0.174142
-0.356056 0.150295
-0.238574 0.168374
-0.098214 0.092383
0.023242 0.069020
0.108898 0.085831
0.209360 0.094490
0.322696 0.015075
