1.872262
-0.044705 2.069269
-0.127560 2.011542
-0.074363 2.053986
-0.082116 1.949353
-0.082224 1.952526
-0.074733 1.934668
-0.138384 1.968841
-0.125826 1.870676
-0.177584 1.898379
-0.132184 1.841179
-0.179718 1.897247
-0.113855 1.805855
-0.101363 1.797696
-0.131167 1.782986
-0.133304 1.717709
-0.082738 1.762480
-0.068776 1.704179
-0.028943 1.724293
-0.020709 1.689663
-0.002732 1.690376
0.049154 1.648240
0.042985 1.609847
0.020426 1.633092
0.059296 1.553071
0.064302 1.570497
0.174473 1.569744
0.151362 1.533983
0.169173 1.497034
0.176914 1.484771
0.189542 1.502142
0.194855 1.465845
0.123484 1.464937
0.151323 1.426288
0.122084 1.361685
0.042313 1.382155
0.074890 1.359296
-0.068708 1.354088
-0.052971 1.296763
-0.095983 1.264587
-0.177893 1.293246
-0.223204 1.225022
-0.293048 1.193073
-0.315223 1.179497
-0.399998 1.217035
-0.367974 1.120930
-0.412684 1.107578
-0.380023 1.104175
-0.458921 1.103536
-0.403883 1.033921
-0.407131 1.011980
-0.388474 1.009094
-0.415634 1.037541
-0.318888 1.044598
-0.285305 0.996372
-0.228860 0.989184
-0.206955 0.953666
-0.135058 0.899355
0.023868 0.934687
0.018787 0.875843
0.168904 0.816214
0.209071 0.847548
0.294506 0.854945
0.304944 0.816737
0.373918 0.819746
0.422178 0.744898
0.428829 0.758570
0.484185 0.672115
0.462264 0.694041
0.471619 0.649422
0.426178 0.646861
0.434505 0.621375
0.369337 0.573697
0.289941 0.640419
0.202775 0.569382
0.126813 0.521119
0.052015 0.560101
-0.077814 0.562811
-0.135469 0.515481
-0.298895 0.463853
-0.390540 0.433068
-0.453463 0.446611
-0.525610 0.405363
-0.624427 0.439266
-0.620371 0.389240
-0.686906 0.378660
-0.743843 0.289434
-0.713997 0.338140
-0.768100 0.286665
-0.665455 0.305415
-0.724672 0.291606
-0.573289 0.217304
-0.551677 0.180793
-0.459358 0.174142
-0.333563 0.150295
-0.215663 0.168374
-0.076054 0.092383
0.045744 0.069020
0.132252 0.085831
0.230553 0.094490
0.343637 0.015075
