0.190400
0.012615 2.069269
0.083102 2.011542
0.077916 2.053986
0.045030 1.949353
0.020599 1.952526
0.080863 1.934668
0.069420 1.968841
0.004355 1.870676
0.049226 1.898379
0.005730 1.841179
0.031963 1.897247
0.004827 1.805855
-0.053139 1.797696
-0.032088 1.782986
-0.084032 1.717709
-0.087050 1.762480
-0.112586 1.704179
-0.086825 1.724293
-0.057769 1.689663
-0.093113 1.690376
-0.148597 1.648240
-0.139396 1.609847
-0.073061 1.633092
-0.085451 1.553071
-0.063458 1.570497
-0.084375 1.569744
-0.036789 1.533983
0.016104 1.497034
0.042131 1.484771
0.120564 1.502142
0.116147 1.465845
0.156926 1.464937
0.159814 1.426288
0.188687 1.361685
0.304038 1.382155
0.288186 1.359296
0.342798 1.354088
0.301973 1.296763
0.398124 1.264587
0.356900 1.293246
0.380939 1.225022
0.366381 1.193073
0.337261 1.179497
0.276257 1.217035
0.265011 1.120930
0.187804 1.107578
0.108412 1.104175
0.089545 1.103536
0.030224 1.033921
-0.085850 1.011980
-0.155524 1.009094
-0.154122 1.037541
-0.284317 1.044598
-0.317684 0.996372
-0.309957 0.989184
-0.387130 0.953666
-0.395479 0.899355
-0.435148 0.934687
-0.462341 0.875843
-0.433814 0.816214
-0.351059 0.847548
-0.304968 0.854945
-0.369435 0.816737
-0.220069 0.819746
-0.232365 0.744898
-0.087488 0.758570
-0.012604 0.672115
0.003991 0.694041
0.150072 0.649422
0.218031 0.646861
0.307869 0.621375
0.372404 0.573697
0.439472 0.640419
0.568902 0.569382
0.629005 0.521119
0.666320 0.560101
0.654967 0.562811
0.656274 0.515481
0.654100 0.463853
0.672850 0.433068
0.580166 0.446611
0.503627 0.405363
0.505156 0.439266
0.345420 0.389240
0.243276 0.378660
0.155111 0.289434
0.094175 0.338140
-0.072453 0.286665
-0.181086 0.305415
-0.257010 0.291606
-0.386552 0.217304
-0.421029 0.180793
-0.536337 0.174142
-0.672832 0.150295
-0.697140 0.168374
-0.686890 0.092383
-0.709205 0.069020
-0.744114 0.085831
-0.685774 0.094490
-0.688628 0.015075
