1.903996
-0.044928 2.069269
-0.129698 2.011542
-0.076550 2.053986
-0.083222 1.949353
-0.082549 1.952526
-0.077013 1.934668
-0.140041 1.968841
-0.125457 1.870676
-0.178438 1.898379
-0.131833 1.841179
-0.180012 1.897247
-0.113549 1.805855
-0.099257 1.797696
-0.129613 1.782986
-0.130082 1.717709
-0.079624 1.762480
-0.064904 1.704179
-0.026054 1.724293
-0.018781 1.689663
0.000251 1.690376
0.053699 1.648240
0.047261 1.609847
0.022676 1.633092
0.061784 1.553071
0.066068 1.570497
0.176462 1.569744
0.151925 1.533983
0.167975 1.497034
0.174854 1.484771
0.184927 1.502142
0.190359 1.465845
0.117975 1.464937
0.145609 1.426288
0.115567 1.361685
0.032436 1.382155
0.065387 1.359296
-0.079374 1.354088
-0.062397 1.296763
-0.108305 1.264587
-0.188568 1.293246
-0.234464 1.225022
-0.303560 1.193073
-0.324716 1.179497
-0.407201 1.217035
-0.374947 1.120930
-0.417012 1.107578
-0.381948 1.104175
-0.459925 1.103536
-0.403216 1.033921
-0.402745 1.011980
-0.381939 1.009094
-0.409034 1.037541
-0.308522 1.044598
-0.274010 0.996372
-0.218039 0.989184
-0.193760 0.953666
-0.121887 0.899355
0.037664 0.934687
0.033472 0.875843
0.182071 0.816214
0.219434 0.847548
0.303052 0.854945
0.315506 0.816737
0.379433 0.819746
0.427890 0.744898
0.429888 0.758570
0.482630 0.672115
0.460268 0.694041
0.464922 0.649422
0.417495 0.646861
0.422920 0.621375
0.355955 0.573697
0.274739 0.640419
0.183793 0.569382
0.106220 0.521119
0.030532 0.560101
-0.098409 0.562811
-0.155873 0.515481
-0.318569 0.463853
-0.410442 0.433068
-0.470152 0.446611
-0.539563 0.405363
-0.638030 0.439266
-0.628891 0.389240
-0.691896 0.378660
-0.745789 0.289434
-0.714118 0.338140
-0.762682 0.286665
-0.656984 0.305415
-0.713538 0.291606
-0.558631 0.217304
-0.536006 0.180793
-0.440379 0.174142
-0.310735 0.150295
-0.192536 0.168374
-0.053818 0.092383
0.068200 0.069020
0.155473 0.085831
0.251514 0.094490
0.364232 0.015075
