1.935729
-0.045104 2.069269
-0.131704 2.011542
-0.078660 2.053986
-0.084244 1.949353
-0.082791 1.952526
-0.079215 1.934668
-0.141557 1.968841
-0.124961 1.870676
-0.179112 1.898379
-0.131349 1.841179
-0.180125 1.897247
-0.113129 1.805855
-0.097051 1.797696
-0.127928 1.782986
-0.126730 1.717709
-0.076430 1.762480
-0.060966 1.704179
-0.023139 1.724293
-0.016834 1.689663
0.003235 1.690376
0.058191 1.648240
0.051490 1.609847
0.024903 1.633092
0.064210 1.553071
0.067767 1.570497
0.178273 1.569744
0.152335 1.533983
0.166608 1.497034
0.172618 1.484771
0.180126 1.502142
0.185672 1.465845
0.112347 1.464937
0.139749 1.426288
0.108933 1.361685
0.022526 1.382155
0.055819 1.359296
-0.089960 1.354088
-0.071761 1.296763
-0.120518 1.264587
-0.199053 1.293246
-0.245487 1.225022
-0.313767 1.193073
-0.333882 1.179497
-0.413993 1.217035
-0.381543 1.120930
-0.420919 1.107578
-0.383489 1.104175
-0.460466 1.103536
-0.402142 1.033921
-0.397953 1.011980
-0.375019 1.009094
-0.402022 1.037541
-0.297846 1.044598
-0.262439 0.996372
-0.206999 0.989184
-0.180369 0.953666
-0.108593 0.899355
0.051421 0.934687
0.048122 0.875843
0.195054 0.816214
0.229575 0.847548
0.311292 0.854945
0.325750 0.816737
0.384565 0.819746
0.433171 0.744898
0.430515 0.758570
0.480590 0.672115
0.457809 0.694041
0.457757 0.649422
0.408391 0.646861
0.410910 0.621375
0.342215 0.573697
0.259261 0.640419
0.164627 0.569382
0.085519 0.521119
0.009019 0.560101
-0.118905 0.562811
-0.176119 0.515481
-0.337922 0.463853
-0.429931 0.433068
-0.486367 0.446611
-0.552974 0.405363
-0.650991 0.439266
-0.636777 0.389240
-0.696190 0.378660
-0.746983 0.289434
-0.713519 0.338140
-0.756497 0.286665
-0.647852 0.305415
-0.701686 0.291606
-0.543411 0.217304
-0.519795 0.180793
-0.420957 0.174142
-0.287594 0.150295
-0.169214 0.168374
-0.031528 0.092383
0.090588 0.069020
0.178537 0.085831
0.272222 0.094490
0.384461 0.015075
