1.967462
-0.045236 2.069269
-0.133579 2.011542
-0.080690 2.053986
-0.085181 1.949353
-0.082950 1.952526
-0.081337 1.934668
-0.142930 1.968841
-0.124339 1.870676
-0.179606 1.898379
-0.130732 1.841179
-0.180056 1.897247
-0.112594 1.805855
-0.094747 1.797696
-0.126114 1.782986
-0.123250 1.717709
-0.073160 1.762480
-0.056967 1.704179
-0.020201 1.724293
-0.014870 1.689663
0.006215 1.690376
0.062623 1.648240
0.055667 1.609847
0.027105 1.633092
0.066571 1.553071
0.069399 1.570497
0.179904 1.569744
0.152591 1.533983
0.165073 1.497034
0.170208 1.484771
0.175143 1.502142
0.180798 1.465845
0.106606 1.464937
0.133748 1.426288
0.102190 1.361685
0.012593 1.382155
0.046194 1.359296
-0.100456 1.354088
-0.081052 1.296763
-0.132610 1.264587
-0.209338 1.293246
-0.256263 1.225022
-0.323657 1.193073
-0.342711 1.179497
-0.420369 1.217035
-0.387754 1.120930
-0.424403 1.107578
-0.384643 1.104175
-0.460543 1.103536
-0.400664 1.033921
-0.392760 1.011980
-0.367721 1.009094
-0.394605 1.037541
-0.286870 1.044598
-0.250604 0.996372
-0.195751 0.989184
-0.166797 0.953666
-0.095189 0.899355
0.065127 0.934687
0.062724 0.875843
0.207841 0.816214
0.239485 0.847548
0.319219 0.854945
0.335665 0.816737
0.389310 0.819746
0.438015 0.744898
0.430708 0.758570
0.478065 0.672115
0.454888 0.694041
0.450130 0.649422
0.398876 0.646861
0.398485 0.621375
0.328131 0.573697
0.243521 0.640419
0.145294 0.569382
0.064733 0.521119
-0.012503 0.560101
-0.139281 0.562811
-0.196189 0.515481
-0.356935 0.463853
-0.448986 0.433068
-0.502092 0.446611
-0.565827 0.405363
-0.663296 0.439266
-0.644023 0.389240
-0.699782 0.378660
-0.747425 0.289434
-0.712202 0.338140
-0.749550 0.286665
-0.638067 0.305415
-0.689127 0.291606
-0.527643 0.217304
-0.503061 0.180793
-0.401110 0.174142
-0.264164 0.150295
-0.145722 0.168374
-0.009206 0.092383
0.112884 0.069020
0.201422 0.085831
0.292656 0.094490
0.404302 0.015075
