1.999195
-0.045322 2.069269
-0.135318 2.011542
-0.082640 2.053986
-0.086032 1.949353
-0.083025 1.952526
-0.083377 1.934668
-0.144160 1.968841
-0.123592 1.870676
-0.179918 1.898379
-0.129984 1.841179
-0.179806 1.897247
-0.111946 1.805855
-0.092348 1.797696
-0.124173 1.782986
-0.119646 1.717709
-0.069816 1.762480
-0.052911 1.704179
-0.017242 1.724293
-0.012891 1.689663
0.009189 1.690376
0.066993 1.648240
0.059788 1.609847
0.029280 1.633092
0.068866 1.553071
0.070960 1.570497
0.181354 1.569744
0.152693 1.533983
0.163372 1.497034
0.167627 1.484771
0.169984 1.502142
0.175741 1.465845
0.100758 1.464937
0.127613 1.426288
0.095344 1.361685
0.002648 1.382155
0.036522 1.359296
-0.110850 1.354088
-0.090262 1.296763
-0.144568 1.264587
-0.219412 1.293246
-0.266780 1.225022
-0.333222 1.193073
-0.351196 1.179497
-0.426322 1.217035
-0.393575 1.120930
-0.427460 1.107578
-0.385410 1.104175
-0.460156 1.103536
-0.398782 1.033921
-0.387172 1.011980
-0.360054 1.009094
-0.386791 1.037541
-0.275605 1.044598
-0.238516 0.996372
-0.184306 0.989184
-0.153057 0.953666
-0.081690 0.899355
0.078767 0.934687
0.077263 0.875843
0.220419 0.816214
0.249155 0.847548
0.326825 0.854945
0.345243 0.816737
0.393663 0.819746
0.442419 0.744898
0.430468 0.758570
0.475059 0.672115
0.451510 0.694041
0.442051 0.649422
0.388960 0.646861
0.385660 0.621375
0.313716 0.573697
0.227536 0.640419
0.125815 0.569382
0.043881 0.521119
-0.034012 0.560101
-0.159517 0.562811
-0.216061 0.515481
-0.375588 0.463853
-0.467590 0.433068
-0.517313 0.446611
-0.578111 0.405363
-0.674933 0.439266
-0.650620 0.389240
-0.702670 0.378660
-0.747115 0.289434
-0.710168 0.338140
-0.741847 0.286665
-0.627640 0.305415
-0.675874 0.291606
-0.511345 0.217304
-0.485821 0.180793
-0.380860 0.174142
-0.240467 0.150295
-0.122084 0.168374
0.013126 0.092383
0.135067 0.069020
0.224104 0.085831
0.312795 0.094490
0.423737 0.015075
