2.030929
-0.045362 2.069269
-0.136922 2.011542
-0.084506 2.053986
-0.086797 1.949353
-0.083017 1.952526
-0.085333 1.934668
-0.145244 1.968841
-0.122721 1.870676
-0.180050 1.898379
-0.129105 1.841179
-0.179375 1.897247
-0.111186 1.805855
-0.089855 1.797696
-0.122107 1.782986
-0.115921 1.717709
-0.066401 1.762480
-0.048801 1.704179
-0.014266 1.724293
-0.010899 1.689663
0.012153 1.690376
0.071295 1.648240
0.063849 1.609847
0.031425 1.633092
0.071091 1.553071
0.072450 1.570497
0.182621 1.569744
0.152642 1.533983
0.161507 1.497034
0.164877 1.484771
0.164654 1.502142
0.170508 1.465845
0.094809 1.464937
0.121348 1.426288
0.088402 1.361685
-0.007300 1.382155
0.026814 1.359296
-0.121133 1.354088
-0.099380 1.296763
-0.156380 1.264587
-0.229264 1.293246
-0.277030 1.225022
-0.342451 1.193073
-0.359327 1.179497
-0.431845 1.217035
-0.399000 1.120930
-0.430086 1.107578
-0.385789 1.104175
-0.459306 1.103536
-0.396498 1.033921
-0.381194 1.011980
-0.352023 1.009094
-0.378587 1.037541
-0.264062 1.044598
-0.226189 0.996372
-0.172675 0.989184
-0.139162 0.953666
-0.068108 0.899355
0.092328 0.934687
0.091724 0.875843
0.232774 0.816214
0.258573 0.847548
0.334102 0.854945
0.354473 0.816737
0.397620 0.819746
0.446377 0.744898
0.429794 0.758570
0.471575 0.672115
0.447677 0.694041
0.433526 0.649422
0.378652 0.646861
0.372446 0.621375
0.298985 0.573697
0.211322 0.640419
0.106210 0.569382
0.022986 0.521119
-0.055488 0.560101
-0.179592 0.562811
-0.235715 0.515481
-0.393863 0.463853
-0.485723 0.433068
-0.532012 0.446611
-0.589813 0.405363
-0.685891 0.439266
-0.656562 0.389240
-0.704850 0.378660
-0.746052 0.289434
-0.707419 0.338140
-0.733398 0.286665
-0.616581 0.305415
-0.661940 0.291606
-0.494531 0.217304
-0.468091 0.180793
-0.360226 0.174142
-0.216528 0.150295
-0.098322 0.168374
0.035444 0.092383
0.157114 0.069020
0.246560 0.085831
0.332619 0.094490
0.442744 0.015075
