2.062662
-0.045356 2.069269
-0.138387 2.011542
-0.086287 2.053986
-0.087474 1.949353
-0.082925 1.952526
-0.087204 1.934668
-0.146182 1.968841
-0.121726 1.870676
-0.180001 1.898379
-0.128097 1.841179
-0.178764 1.897247
-0.110314 1.805855
-0.087273 1.797696
-0.119918 1.782986
-0.112079 1.717709
-0.062920 1.762480
-0.044642 1.704179
-0.011276 1.724293
-0.008897 1.689663
0.015106 1.690376
0.075525 1.648240
0.067845 1.609847
0.033539 1.633092
0.073244 1.553071
0.073867 1.570497
0.183705 1.569744
0.152438 1.533983
0.159478 1.497034
0.161960 1.484771
0.159158 1.502142
0.165103 1.465845
0.088764 1.464937
0.114962 1.426288
0.081371 1.361685
-0.017241 1.382155
0.017078 1.359296
-0.131293 1.354088
-0.108399 1.296763
-0.168035 1.264587
-0.238886 1.293246
-0.287000 1.225022
-0.351335 1.193073
-0.367096 1.179497
-0.436933 1.217035
-0.404023 1.120930
-0.432279 1.107578
-0.385779 1.104175
-0.457993 1.103536
-0.393816 1.033921
-0.374833 1.011980
-0.343639 1.009094
-0.370002 1.037541
-0.252254 1.044598
-0.213633 0.996372
-0.160870 0.989184
-0.125128 0.953666
-0.054458 0.899355
0.105796 0.934687
0.106093 0.875843
0.244896 0.816214
0.267731 0.847548
0.341042 0.854945
0.363347 0.816737
0.401176 0.819746
0.449886 0.744898
0.428688 0.758570
0.467616 0.672115
0.443393 0.694041
0.424565 0.649422
0.367963 0.646861
0.358857 0.621375
0.283953 0.573697
0.194896 0.640419
0.086498 0.569382
0.002067 0.521119
-0.076907 0.560101
-0.199487 0.562811
-0.255132 0.515481
-0.411742 0.463853
-0.503367 0.433068
-0.546175 0.446611
-0.600920 0.405363
-0.696158 0.439266
-0.661843 0.389240
-0.706320 0.378660
-0.744238 0.289434
-0.703958 0.338140
-0.724211 0.286665
-0.604901 0.305415
-0.647340 0.291606
-0.477220 0.217304
-0.449890 0.180793
-0.339230 0.174142
-0.192371 0.150295
-0.074461 0.168374
0.057726 0.092383
0.179002 0.069020
0.268768 0.085831
0.352109 0.094490
0.461306 0.015075
