2.094395
-0.045305 2.069269
-0.139714 2.011542
-0.087981 2.053986
-0.088063 1.949353
-0.082750 1.952526
-0.088986 1.934668
-0.146973 1.968841
-0.120609 1.870676
-0.179770 1.898379
-0.126959 1.841179
-0.177972 1.897247
-0.109330 1.805855
-0.084602 1.797696
-0.117609 1.782986
-0.108125 1.717709
-0.059375 1.762480
-0.040439 1.704179
-0.008274 1.724293
-0.006885 1.689663
0.018043 1.690376
0.079679 1.648240
0.071773 1.609847
0.035618 1.633092
0.075324 1.553071
0.075209 1.570497
0.184604 1.569744
0.152079 1.533983
0.157290 1.497034
0.158881 1.484771
0.153502 1.502142
0.159532 1.465845
0.082629 1.464937
0.108460 1.426288
0.074258 1.361685
-0.027164 1.382155
0.007326 1.359296
-0.141322 1.354088
-0.117309 1.296763
-0.179521 1.264587
-0.248268 1.293246
-0.296681 1.225022
-0.359866 1.193073
-0.374496 1.179497
-0.441582 1.217035
-0.408639 1.120930
-0.434036 1.107578
-0.385381 1.104175
-0.456220 1.103536
-0.390736 1.033921
-0.368094 1.011980
-0.334908 1.009094
-0.361044 1.037541
-0.240191 1.044598
-0.200862 0.996372
-0.148903 0.989184
-0.110968 0.953666
-0.040753 0.899355
0.119158 0.934687
0.120354 0.875843
0.256770 0.816214
0.276619 0.847548
0.347638 0.854945
0.371854 0.816737
0.404328 0.819746
0.452942 0.744898
0.427150 0.758570
0.463186 0.672115
0.438663 0.694041
0.415176 0.649422
0.356903 0.646861
0.344906 0.621375
0.268635 0.573697
0.178273 0.640419
0.066698 0.569382
-0.018854 0.521119
-0.098249 0.560101
-0.219181 0.562811
-0.274292 0.515481
-0.429206 0.463853
-0.520503 0.433068
-0.559789 0.446611
-0.611423 0.405363
-0.705724 0.439266
-0.666457 0.389240
-0.707080 0.378660
-0.741675 0.289434
-0.699787 0.338140
-0.714294 0.286665
-0.592612 0.305415
-0.632088 0.291606
-0.459427 0.217304
-0.431235 0.180793
-0.317892 0.174142
-0.168021 0.150295
-0.050526 0.168374
0.079950 0.092383
0.200710 0.069020
0.290705 0.085831
0.371243 0.094490
0.479403 0.015075
