2.126128
-0.045208 2.069269
-0.140899 2.011542
-0.089587 2.053986
-0.088563 1.949353
-0.082491 1.952526
-0.090679 1.934668
-0.147616 1.968841
-0.119370 1.870676
-0.179358 1.898379
-0.125693 1.841179
-0.177002 1.897247
-0.108237 1.805855
-0.081846 1.797696
-0.115181 1.782986
-0.104062 1.717709
-0.055770 1.762480
-0.036194 1.704179
-0.005264 1.724293
-0.004866 1.689663
0.020962 1.690376
0.083753 1.648240
0.075629 1.609847
0.037662 1.633092
0.077328 1.553071
0.076476 1.570497
0.185316 1.569744
0.151568 1.533983
0.154943 1.497034
0.155642 1.484771
0.147691 1.502142
0.153801 1.465845
0.076411 1.464937
0.101849 1.426288
0.067070 1.361685
-0.037060 1.382155
-0.002434 1.359296
-0.151208 1.354088
-0.126100 1.296763
-0.190826 1.264587
-0.257399 1.293246
-0.306064 1.225022
-0.368034 1.193073
-0.381518 1.179497
-0.445785 1.217035
-0.412843 1.120930
-0.435357 1.107578
-0.384595 1.104175
-0.453986 1.103536
-0.387264 1.033921
-0.360984 1.011980
-0.325840 1.009094
-0.351723 1.037541
-0.227887 1.044598
-0.187889 0.996372
-0.136786 0.989184
-0.096696 0.953666
-0.027007 0.899355
0.132399 0.934687
0.134495 0.875843
0.268386 0.816214
0.285229 0.847548
0.353885 0.854945
0.379987 0.816737
0.407073 0.819746
0.455542 0.744898
0.425181 0.758570
0.458290 0.672115
0.433491 0.694041
0.405370 0.649422
0.345484 0.646861
0.330608 0.621375
0.253046 0.573697
0.161470 0.640419
0.046832 0.569382
-0.039756 0.521119
-0.119492 0.560101
-0.238654 0.562811
-0.293176 0.515481
-0.446238 0.463853
-0.537116 0.433068
-0.572838 0.446611
-0.621310 0.405363
-0.714579 0.439266
-0.670400 0.389240
-0.707127 0.378660
-0.738365 0.289434
-0.694912 0.338140
-0.703658 0.286665
-0.579726 0.305415
-0.616200 0.291606
-0.441173 0.217304
-0.412147 0.180793
-0.296234 0.174142
-0.143501 0.150295
-0.026540 0.168374
0.102094 0.092383
0.222216 0.069020
0.312350 0.085831
0.390004 0.094490
0.497018 0.015075
