2.157862
-0.045066 2.069269
-0.141943 2.011542
-0.091102 2.053986
-0.088975 1.949353
-0.082149 1.952526
-0.092281 1.934668
-0.148110 1.968841
-0.118010 1.870676
-0.178765 1.898379
-0.124301 1.841179
-0.175853 1.897247
-0.107034 1.805855
-0.079008 1.797696
-0.112637 1.782986
-0.099894 1.717709
-0.052110 1.762480
-0.031913 1.704179
-0.002248 1.724293
-0.002843 1.689663
0.023860 1.690376
0.087743 1.648240
0.079409 1.609847
0.039668 1.633092
0.079254 1.553071
0.077666 1.570497
0.185843 1.569744
0.150904 1.533983
0.152440 1.497034
0.152246 1.484771
0.141732 1.502142
0.147914 1.465845
0.070117 1.464937
0.095135 1.426288
0.059814 1.361685
-0.046919 1.382155
-0.012191 1.359296
-0.160942 1.354088
-0.134764 1.296763
-0.201939 1.264587
-0.266272 1.293246
-0.315138 1.225022
-0.375831 1.193073
-0.388156 1.179497
-0.449540 1.217035
-0.416632 1.120930
-0.436239 1.107578
-0.383422 1.104175
-0.451296 1.103536
-0.383401 1.033921
-0.353511 1.011980
-0.316444 1.009094
-0.342048 1.037541
-0.215353 1.044598
-0.174727 0.996372
-0.124532 0.989184
-0.082326 0.953666
-0.013234 0.899355
0.145507 0.934687
0.148500 0.875843
0.279732 0.816214
0.293551 0.847548
0.359775 0.854945
0.387737 0.816737
0.409409 0.819746
0.457682 0.744898
0.422785 0.758570
0.452932 0.672115
0.427883 0.694041
0.395155 0.649422
0.333717 0.646861
0.315978 0.621375
0.237203 0.573697
0.144505 0.640419
0.026918 0.569382
-0.060618 0.521119
-0.140615 0.560101
-0.257886 0.562811
-0.311765 0.515481
-0.462820 0.463853
-0.553188 0.433068
-0.585311 0.446611
-0.630572 0.405363
-0.722715 0.439266
-0.673669 0.389240
-0.706462 0.378660
-0.734312 0.289434
-0.689338 0.338140
-0.692314 0.286665
-0.566256 0.305415
-0.599691 0.291606
-0.422474 0.217304
-0.392644 0.180793
-0.274277 0.174142
-0.118837 0.150295
-0.002526 0.168374
0.124135 0.092383
0.243499 0.069020
0.333680 0.085831
0.408372 0.094490
0.514132 0.015075
