2.189595
-0.044878 2.069269
-0.142844 2.011542
-0.092526 2.053986
-0.089297 1.949353
-0.081725 1.952526
-0.093790 1.934668
-0.148455 1.968841
-0.116533 1.870676
-0.177993 1.898379
-0.122783 1.841179
-0.174526 1.897247
-0.105724 1.805855
-0.076091 1.797696
-0.109979 1.782986
-0.095626 1.717709
-0.048397 1.762480
-0.027600 1.704179
0.000769 1.724293
-0.000816 1.689663
0.026733 1.690376
0.091644 1.648240
0.083108 1.609847
0.041634 1.633092
0.081100 1.553071
0.078778 1.570497
0.186182 1.569744
0.150088 1.533983
0.149783 1.497034
0.148697 1.484771
0.135629 1.502142
0.141878 1.465845
0.063752 1.464937
0.088325 1.426288
0.052499 1.361685
-0.056730 1.382155
-0.021936 1.359296
-0.170514 1.354088
-0.143293 1.296763
-0.212849 1.264587
-0.274876 1.293246
-0.323895 1.225022
-0.383250 1.193073
-0.394404 1.179497
-0.452843 1.217035
-0.420001 1.120930
-0.436683 1.107578
-0.381862 1.104175
-0.448152 1.103536
-0.379152 1.033921
-0.345681 1.011980
-0.306729 1.009094
-0.332029 1.037541
-0.202603 1.044598
-0.161389 0.996372
-0.112152 0.989184
-0.067874 0.953666
0.000553 0.899355
0.158469 0.934687
0.162356 0.875843
0.290797 0.816214
0.301578 0.847548
0.365304 0.854945
0.395097 0.816737
0.411332 0.819746
0.459363 0.744898
0.419963 0.758570
0.447118 0.672115
0.421844 0.694041
0.384542 0.649422
0.321614 0.646861
0.301029 0.621375
0.221121 0.573697
0.127395 0.640419
0.006977 0.569382
-0.081419 0.521119
-0.161596 0.560101
-0.276859 0.562811
-0.330040 0.515481
-0.478937 0.463853
-0.568703 0.433068
-0.597195 0.446611
-0.639198 0.405363
-0.730123 0.439266
-0.676259 0.389240
-0.705086 0.378660
-0.729519 0.289434
-0.683069 0.338140
-0.680272 0.286665
-0.552217 0.305415
-0.582579 0.291606
-0.403350 0.217304
-0.372745 0.180793
-0.252045 0.174142
-0.094053 0.150295
0.021489 0.168374
0.146051 0.092383
0.264536 0.069020
0.354674 0.085831
0.426329 0.094490
0.530728 0.015075
