0.222133
0.011226 2.069269
0.079282 2.011542
0.075779 2.053986
0.042545 1.949353
0.018037 1.952526
0.078722 1.934668
0.065213 1.968841
0.000351 1.870676
0.043707 1.898379
0.001528 1.841179
0.026323 1.897247
0.001207 1.805855
-0.056536 1.797696
-0.036373 1.782986
-0.088542 1.717709
-0.089955 1.762480
-0.115123 1.704179
-0.088013 1.724293
-0.058605 1.689663
-0.093483 1.690376
-0.147478 1.648240
-0.138447 1.609847
-0.072631 1.633092
-0.083817 1.553071
-0.061598 1.570497
-0.079061 1.569744
-0.032068 1.533983
0.021553 1.497034
0.047907 1.484771
0.126981 1.502142
0.122720 1.465845
0.161344 1.464937
0.165130 1.426288
0.193157 1.361685
0.306311 1.382155
0.291452 1.359296
0.341645 1.354088
0.301199 1.296763
0.396268 1.264587
0.352304 1.293246
0.374969 1.225022
0.358138 1.193073
0.328221 1.179497
0.264326 1.217035
0.254068 1.120930
0.175199 1.107578
0.096609 1.104175
0.075166 1.103536
0.017422 1.033921
-0.099108 1.011980
-0.168398 1.009094
-0.167859 1.037541
-0.295360 1.044598
-0.327757 0.996372
-0.318204 0.989184
-0.394912 0.953666
-0.400991 0.899355
-0.435707 0.934687
-0.463145 0.875843
-0.429738 0.816214
-0.345450 0.847548
-0.296492 0.854945
-0.360821 0.816737
-0.208800 0.819746
-0.219592 0.744898
-0.074063 0.758570
0.002815 0.672115
0.018761 0.694041
0.165584 0.649422
0.232298 0.646861
0.322675 0.621375
0.385325 0.573697
0.450062 0.640419
0.577102 0.569382
0.634963 0.521119
0.670003 0.560101
0.654471 0.562811
0.653941 0.515481
0.646543 0.463853
0.662424 0.433068
0.567450 0.446611
0.488375 0.405363
0.486754 0.439266
0.326663 0.389240
0.222085 0.378660
0.131835 0.289434
0.071667 0.338140
-0.097194 0.286665
-0.202880 0.305415
-0.280925 0.291606
-0.406027 0.217304
-0.439919 0.180793
-0.552629 0.174142
-0.685523 0.150295
-0.706141 0.168374
-0.691402 0.092383
-0.709897 0.069020
-0.742150 0.085831
-0.680495 0.094490
-0.679748 0.015075
