2.221328
-0.044646 2.069269
-0.143601 2.011542
-0.093856 2.053986
-0.089528 1.949353
-0.081218 1.952526
-0.095204 1.934668
-0.148651 1.968841
-0.114937 1.870676
-0.177041 1.898379
-0.121142 1.841179
-0.173025 1.897247
-0.104307 1.805855
-0.073096 1.797696
-0.107211 1.782986
-0.091261 1.717709
-0.044635 1.762480
-0.023259 1.704179
0.003786 1.724293
0.001211 1.689663
0.029580 1.690376
0.095453 1.648240
0.086725 1.609847
0.043558 1.633092
0.082865 1.553071
0.079810 1.570497
0.186333 1.569744
0.149121 1.533983
0.146976 1.497034
0.144998 1.484771
0.129391 1.502142
0.135700 1.465845
0.057322 1.464937
0.081427 1.426288
0.045130 1.361685
-0.066485 1.382155
-0.031659 1.359296
-0.179914 1.354088
-0.151677 1.296763
-0.223544 1.264587
-0.283203 1.293246
-0.332326 1.225022
-0.390284 1.193073
-0.400254 1.179497
-0.455689 1.217035
-0.422948 1.120930
-0.436686 1.107578
-0.379918 1.104175
-0.444556 1.103536
-0.374522 1.033921
-0.337504 1.011980
-0.296706 1.009094
-0.321675 1.037541
-0.189648 1.044598
-0.147889 0.996372
-0.099659 0.989184
-0.053353 0.953666
0.014339 0.899355
0.171271 0.934687
0.176048 0.875843
0.301568 0.816214
0.309302 0.847548
0.370464 0.854945
0.402059 0.816737
0.412840 0.819746
0.460580 0.744898
0.416718 0.758570
0.440854 0.672115
0.415380 0.694041
0.373542 0.649422
0.309187 0.646861
0.285777 0.621375
0.204816 0.573697
0.110156 0.640419
-0.012971 0.569382
-0.102138 0.521119
-0.182414 0.560101
-0.295554 0.562811
-0.347982 0.515481
-0.494571 0.463853
-0.583646 0.433068
-0.608477 0.446611
-0.647181 0.405363
-0.736796 0.439266
-0.678168 0.389240
-0.703000 0.378660
-0.723991 0.289434
-0.676113 0.338140
-0.667546 0.286665
-0.537621 0.305415
-0.564880 0.291606
-0.383819 0.217304
-0.352471 0.180793
-0.229558 0.174142
-0.069175 0.150295
0.045483 0.168374
0.167820 0.092383
0.285307 0.069020
0.375311 0.085831
0.443857 0.094490
0.546791 0.015075
