2.253061
-0.044368 2.069269
-0.144213 2.011542
-0.095092 2.053986
-0.089670 1.949353
-0.080629 1.952526
-0.096522 1.934668
-0.148697 1.968841
-0.113226 1.870676
-0.175911 1.898379
-0.119379 1.841179
-0.171349 1.897247
-0.102785 1.805855
-0.070028 1.797696
-0.104335 1.782986
-0.086804 1.717709
-0.040828 1.762480
-0.018895 1.704179
0.006799 1.724293
0.003237 1.689663
0.032398 1.690376
0.099166 1.648240
0.090253 1.609847
0.045439 1.633092
0.084546 1.553071
0.080762 1.570497
0.186297 1.569744
0.148004 1.533983
0.144020 1.497034
0.141153 1.484771
0.123022 1.502142
0.129385 1.465845
0.050835 1.464937
0.074446 1.426288
0.037716 1.361685
-0.076172 1.382155
-0.041351 1.359296
-0.189133 1.354088
-0.159909 1.296763
-0.234014 1.264587
-0.291246 1.293246
-0.340422 1.225022
-0.396924 1.193073
-0.405701 1.179497
-0.458076 1.217035
-0.425468 1.120930
-0.436250 1.107578
-0.377592 1.104175
-0.440512 1.103536
-0.369514 1.033921
-0.328987 1.011980
-0.286384 1.009094
-0.310997 1.037541
-0.176502 1.044598
-0.134239 0.996372
-0.087066 0.989184
-0.038779 0.953666
0.028110 0.899355
0.183900 0.934687
0.189563 0.875843
0.312036 0.816214
0.316714 0.847548
0.375251 0.854945
0.408617 0.816737
0.413934 0.819746
0.461334 0.744898
0.413053 0.758570
0.434146 0.672115
0.408498 0.694041
0.362166 0.649422
0.296448 0.646861
0.270238 0.621375
0.188305 0.573697
0.092806 0.640419
-0.032906 0.569382
-0.122754 0.521119
-0.203049 0.560101
-0.313950 0.562811
-0.365574 0.515481
-0.509707 0.463853
-0.598000 0.433068
-0.619147 0.446611
-0.654512 0.405363
-0.742727 0.439266
-0.679394 0.389240
-0.700206 0.378660
-0.717735 0.289434
-0.668475 0.338140
-0.654147 0.286665
-0.522484 0.305415
-0.546612 0.291606
-0.363902 0.217304
-0.331842 0.180793
-0.206841 0.174142
-0.044227 0.150295
0.069431 0.168374
0.189420 0.092383
0.305790 0.069020
0.395570 0.085831
0.460938 0.094490
0.562302 0.015075
