2.284795
-0.044045 2.069269
-0.144680 2.011542
-0.096232 2.053986
-0.089721 1.949353
-0.079959 1.952526
-0.097743 1.934668
-0.148593 1.968841
-0.111401 1.870676
-0.174604 1.898379
-0.117496 1.841179
-0.169500 1.897247
-0.101160 1.805855
-0.066890 1.797696
-0.101354 1.782986
-0.082260 1.717709
-0.036980 1.762480
-0.014512 1.704179
0.009806 1.724293
0.005259 1.689663
0.035182 1.690376
0.102779 1.648240
0.093691 1.609847
0.047273 1.633092
0.086142 1.553071
0.081632 1.570497
0.186073 1.569744
0.146737 1.533983
0.140920 1.497034
0.137166 1.484771
0.116529 1.502142
0.122940 1.465845
0.044297 1.464937
0.067391 1.426288
0.030264 1.361685
-0.085783 1.382155
-0.051000 1.359296
-0.198162 1.354088
-0.167980 1.296763
-0.244249 1.264587
-0.298995 1.293246
-0.348176 1.225022
-0.403164 1.193073
-0.410740 1.179497
-0.460003 1.217035
-0.427561 1.120930
-0.435374 1.107578
-0.374885 1.104175
-0.436025 1.103536
-0.364135 1.033921
-0.320139 1.011980
-0.275773 1.009094
-0.300006 1.037541
-0.163179 1.044598
-0.120455 0.996372
-0.074385 0.989184
-0.024165 0.953666
0.041854 0.899355
0.196345 0.934687
0.202887 0.875843
0.322189 0.816214
0.323807 0.847548
0.379660 0.854945
0.414763 0.816737
0.414610 0.819746
0.461623 0.744898
0.408973 0.758570
0.427001 0.672115
0.401204 0.694041
0.350425 0.649422
0.283412 0.646861
0.254426 0.621375
0.171605 0.573697
0.075363 0.640419
-0.052807 0.569382
-0.143247 0.521119
-0.223479 0.560101
-0.332031 0.562811
-0.382798 0.515481
-0.524330 0.463853
-0.611753 0.433068
-0.629193 0.446611
-0.661185 0.405363
-0.747910 0.439266
-0.679936 0.389240
-0.696708 0.378660
-0.710756 0.289434
-0.660165 0.338140
-0.640089 0.286665
-0.506821 0.305415
-0.527793 0.291606
-0.343619 0.217304
-0.310879 0.180793
-0.183915 0.174142
-0.019234 0.150295
0.093310 0.168374
0.210829 0.092383
0.325966 0.069020
0.415431 0.085831
0.477555 0.094490
0.577247 0.015075
