2.316528
-0.043679 2.069269
-0.145001 2.011542
-0.097275 2.053986
-0.089682 1.949353
-0.079209 1.952526
-0.098866 1.934668
-0.148339 1.968841
-0.109464 1.870676
-0.173122 1.898379
-0.115495 1.841179
-0.167481 1.897247
-0.099433 1.805855
-0.063684 1.797696
-0.098270 1.782986
-0.077634 1.717709
-0.033095 1.762480
-0.010114 1.704179
0.012802 1.724293
0.007277 1.689663
0.037931 1.690376
0.106289 1.648240
0.097035 1.609847
0.049060 1.633092
0.087651 1.553071
0.082421 1.570497
0.185662 1.569744
0.145323 1.533983
0.137677 1.497034
0.133040 1.484771
0.109918 1.502142
0.116371 1.465845
0.037714 1.464937
0.060267 1.426288
0.022782 1.361685
-0.095307 1.382155
-0.060598 1.359296
-0.206991 1.354088
-0.175881 1.296763
-0.254237 1.264587
-0.306442 1.293246
-0.355579 1.225022
-0.408999 1.193073
-0.415365 1.179497
-0.461466 1.217035
-0.429222 1.120930
-0.434060 1.107578
-0.371801 1.104175
-0.431099 1.103536
-0.358388 1.033921
-0.310968 1.011980
-0.264885 1.009094
-0.288713 1.037541
-0.149692 1.044598
-0.106549 0.996372
-0.061630 0.989184
-0.009527 0.953666
0.055555 0.899355
0.208591 0.934687
0.216007 0.875843
0.332019 0.816214
0.330573 0.847548
0.383688 0.854945
0.420491 0.816737
0.414869 0.819746
0.461448 0.744898
0.404481 0.758570
0.419426 0.672115
0.393507 0.694041
0.338331 0.649422
0.270090 0.646861
0.238358 0.621375
0.154731 0.573697
0.057844 0.640419
-0.072656 0.569382
-0.163595 0.521119
-0.243685 0.560101
-0.349777 0.562811
-0.399637 0.515481
-0.538425 0.463853
-0.624889 0.433068
-0.638606 0.446611
-0.667191 0.405363
-0.752341 0.439266
-0.679793 0.389240
-0.692507 0.378660
-0.703061 0.289434
-0.651190 0.338140
-0.625388 0.286665
-0.490647 0.305415
-0.508443 0.291606
-0.322990 0.217304
-0.289602 0.180793
-0.160804 0.174142
0.005778 0.150295
0.117094 0.168374
0.232026 0.092383
0.345813 0.069020
0.434874 0.085831
0.493691 0.094490
0.591611 0.015075
