2.348261
-0.043268 2.069269
-0.145177 2.011542
-0.098221 2.053986
-0.089553 1.949353
-0.078379 1.952526
-0.099890 1.934668
-0.147936 1.968841
-0.107417 1.870676
-0.171464 1.898379
-0.113377 1.841179
-0.165293 1.897247
-0.097606 1.805855
-0.060414 1.797696
-0.095088 1.782986
-0.072928 1.717709
-0.029176 1.762480
-0.005706 1.704179
0.015786 1.724293
0.009287 1.689663
0.040642 1.690376
0.109691 1.648240
0.100281 1.609847
0.050798 1.633092
0.089072 1.553071
0.083126 1.570497
0.185064 1.569744
0.143763 1.533983
0.134296 1.497034
0.128781 1.484771
0.103197 1.502142
0.109684 1.465845
0.031093 1.464937
0.053083 1.426288
0.015276 1.361685
-0.104735 1.382155
-0.070135 1.359296
-0.215612 1.354088
-0.183606 1.296763
-0.263970 1.264587
-0.313582 1.293246
-0.362624 1.225022
-0.414422 1.193073
-0.419572 1.179497
-0.462464 1.217035
-0.430452 1.120930
-0.432309 1.107578
-0.368343 1.104175
-0.425739 1.103536
-0.352281 1.033921
-0.301484 1.011980
-0.253730 1.009094
-0.277129 1.037541
-0.136053 1.044598
-0.092536 0.996372
-0.048812 0.989184
0.005120 0.953666
0.069200 0.899355
0.220628 0.934687
0.228909 0.875843
0.341514 0.816214
0.337008 0.847548
0.387328 0.854945
0.425796 0.816737
0.414710 0.819746
0.460808 0.744898
0.399581 0.758570
0.411428 0.672115
0.385413 0.694041
0.325897 0.649422
0.256496 0.646861
0.222050 0.621375
0.137702 0.573697
0.040266 0.640419
-0.092431 0.569382
-0.183779 0.521119
-0.263644 0.560101
-0.367171 0.562811
-0.416073 0.515481
-0.551978 0.463853
-0.637397 0.433068
-0.647376 0.446611
-0.672526 0.405363
-0.756013 0.439266
-0.678966 0.389240
-0.687609 0.378660
-0.694658 0.289434
-0.641559 0.338140
-0.610056 0.286665
-0.473980 0.305415
-0.488582 0.291606
-0.302035 0.217304
-0.268035 0.180793
-0.137531 0.174142
0.030784 0.150295
0.140761 0.168374
0.252989 0.092383
0.365313 0.069020
0.453878 0.085831
0.509329 0.094490
0.605380 0.015075
