2.379994
-0.042813 2.069269
-0.145206 2.011542
-0.099067 2.053986
-0.089334 1.949353
-0.077470 1.952526
-0.100812 1.934668
-0.147385 1.968841
-0.105261 1.870676
-0.169635 1.898379
-0.111145 1.841179
-0.162939 1.897247
-0.095680 1.805855
-0.057083 1.797696
-0.091810 1.782986
-0.068150 1.717709
-0.025228 1.762480
-0.001292 1.704179
0.018753 1.724293
0.011288 1.689663
0.043312 1.690376
0.112983 1.648240
0.103425 1.609847
0.052484 1.633092
0.090404 1.553071
0.083748 1.570497
0.184280 1.569744
0.142058 1.533983
0.130780 1.497034
0.124392 1.484771
0.096373 1.502142
0.102888 1.465845
0.024441 1.464937
0.045846 1.426288
0.007756 1.361685
-0.114058 1.382155
-0.079602 1.359296
-0.224015 1.354088
-0.191145 1.296763
-0.273437 1.264587
-0.320405 1.293246
-0.369304 1.225022
-0.419427 1.193073
-0.423357 1.179497
-0.462997 1.217035
-0.431248 1.120930
-0.430123 1.107578
-0.364513 1.104175
-0.419950 1.103536
-0.345819 1.033921
-0.291697 1.011980
-0.242319 1.009094
-0.265266 1.037541
-0.122278 1.044598
-0.078429 0.996372
-0.035945 0.989184
0.019762 0.953666
0.082775 0.899355
0.232442 0.934687
0.241581 0.875843
0.350665 0.816214
0.343102 0.847548
0.390579 0.854945
0.430672 0.816737
0.414134 0.819746
0.459704 0.744898
0.394279 0.758570
0.403017 0.672115
0.376931 0.694041
0.313135 0.649422
0.242643 0.646861
0.205519 0.621375
0.120534 0.573697
0.022649 0.640419
-0.112114 0.569382
-0.203777 0.521119
-0.283339 0.560101
-0.384195 0.562811
-0.432090 0.515481
-0.564975 0.463853
-0.649262 0.433068
-0.655494 0.446611
-0.677183 0.405363
-0.758925 0.439266
-0.677455 0.389240
-0.682019 0.378660
-0.685556 0.289434
-0.631282 0.338140
-0.594110 0.286665
-0.456835 0.305415
-0.468228 0.291606
-0.280777 0.217304
-0.246197 0.180793
-0.114120 0.174142
0.055759 0.150295
0.164285 0.168374
0.273698 0.092383
0.384444 0.069020
0.472426 0.085831
0.524455 0.094490
0.618539 0.015075
