2.411728
-0.042316 2.069269
-0.145089 2.011542
-0.099814 2.053986
-0.089024 1.949353
-0.076483 1.952526
-0.101633 1.934668
-0.146684 1.968841
-0.102999 1.870676
-0.167634 1.898379
-0.108801 1.841179
-0.160420 1.897247
-0.093658 1.805855
-0.053695 1.797696
-0.088440 1.782986
-0.063303 1.717709
-0.021255 1.762480
0.003123 1.704179
0.021702 1.724293
0.013277 1.689663
0.045939 1.690376
0.116162 1.648240
0.106466 1.609847
0.054118 1.633092
0.091644 1.553071
0.084285 1.570497
0.183310 1.569744
0.140210 1.533983
0.127132 1.497034
0.119878 1.484771
0.089451 1.502142
0.095987 1.465845
0.017764 1.464937
0.038562 1.426288
0.000227 1.361685
-0.123266 1.382155
-0.088988 1.359296
-0.232193 1.354088
-0.198492 1.296763
-0.282628 1.264587
-0.326906 1.293246
-0.375611 1.225022
-0.424011 1.193073
-0.426715 1.179497
-0.463063 1.217035
-0.431609 1.120930
-0.427503 1.107578
-0.360317 1.104175
-0.413738 1.103536
-0.339009 1.033921
-0.281616 1.011980
-0.230665 1.009094
-0.253136 1.037541
-0.108379 1.044598
-0.064244 0.996372
-0.023042 0.989184
0.034385 0.953666
0.096268 0.899355
0.244023 0.934687
0.254010 0.875843
0.359462 0.816214
0.348852 0.847548
0.393436 0.854945
0.435114 0.816737
0.413140 0.819746
0.458137 0.744898
0.388580 0.758570
0.394199 0.672115
0.368070 0.694041
0.300057 0.649422
0.228547 0.646861
0.188780 0.621375
0.103245 0.573697
0.005008 0.640419
-0.131683 0.569382
-0.223571 0.521119
-0.302748 0.560101
-0.400833 0.562811
-0.447672 0.515481
-0.577403 0.463853
-0.660474 0.433068
-0.662951 0.446611
-0.681159 0.405363
-0.761072 0.439266
-0.675263 0.389240
-0.675743 0.378660
-0.675763 0.289434
-0.620370 0.338140
-0.577566 0.286665
-0.439230 0.305415
-0.447403 0.291606
-0.259235 0.217304
-0.224112 0.180793
-0.090594 0.174142
0.080679 0.150295
0.187645 0.168374
0.294131 0.092383
0.403188 0.069020
0.490498 0.085831
0.539053 0.094490
0.631074 0.015075
