2.443461
-0.041776 2.069269
-0.144826 2.011542
-0.100460 2.053986
-0.088625 1.949353
-0.075419 1.952526
-0.102352 1.934668
-0.145837 1.968841
-0.100634 1.870676
-0.165465 1.898379
-0.106347 1.841179
-0.157740 1.897247
-0.091542 1.805855
-0.050253 1.797696
-0.084981 1.782986
-0.058392 1.717709
-0.017260 1.762480
0.007535 1.704179
0.024629 1.724293
0.015253 1.689663
0.048519 1.690376
0.119223 1.648240
0.109400 1.609847
0.055697 1.633092
0.092792 1.553071
0.084738 1.570497
0.182156 1.569744
0.138220 1.533983
0.123357 1.497034
0.115244 1.484771
0.082439 1.502142
0.088990 1.465845
0.011069 1.464937
0.031239 1.426288
-0.007302 1.361685
-0.132350 1.382155
-0.098285 1.359296
-0.240138 1.354088
-0.205640 1.296763
-0.291535 1.264587
-0.333078 1.293246
-0.381541 1.225022
-0.428167 1.193073
-0.429643 1.179497
-0.462664 1.217035
-0.431537 1.120930
-0.424453 1.107578
-0.355758 1.104175
-0.407110 1.103536
-0.331858 1.033921
-0.271251 1.011980
-0.218778 1.009094
-0.240752 1.037541
-0.094372 1.044598
-0.049994 0.996372
-0.010115 0.989184
0.048972 0.953666
0.109663 0.899355
0.255358 0.934687
0.266183 0.875843
0.367898 0.816214
0.354250 0.847548
0.395898 0.854945
0.439118 0.816737
0.411731 0.819746
0.456108 0.744898
0.382490 0.758570
0.384985 0.672115
0.358838 0.694041
0.286677 0.649422
0.214220 0.646861
0.171852 0.621375
0.085852 0.573697
-0.012638 0.640419
-0.151120 0.569382
-0.243139 0.521119
-0.321852 0.560101
-0.417067 0.562811
-0.462804 0.515481
-0.589250 0.463853
-0.671021 0.433068
-0.669742 0.446611
-0.684449 0.405363
-0.762453 0.439266
-0.672390 0.389240
-0.668785 0.378660
-0.665290 0.289434
-0.608832 0.338140
-0.560440 0.286665
-0.421183 0.305415
-0.426127 0.291606
-0.237433 0.217304
-0.201800 0.180793
-0.066976 0.174142
0.105516 0.150295
0.210815 0.168374
0.314268 0.092383
0.421527 0.069020
0.508076 0.085831
0.553108 0.094490
0.642975 0.015075
