2.475194
-0.041194 2.069269
-0.144417 2.011542
-0.101005 2.053986
-0.088137 1.949353
-0.074279 1.952526
-0.102968 1.934668
-0.144842 1.968841
-0.098168 1.870676
-0.163128 1.898379
-0.103787 1.841179
-0.154901 1.897247
-0.089334 1.805855
-0.046760 1.797696
-0.081436 1.782986
-0.053422 1.717709
-0.013248 1.762480
0.011939 1.704179
0.027531 1.724293
0.017214 1.689663
0.051050 1.690376
0.122164 1.648240
0.112223 1.609847
0.057220 1.633092
0.093846 1.553071
0.085105 1.570497
0.180818 1.569744
0.136092 1.533983
0.119457 1.497034
0.110493 1.484771
0.075344 1.502142
0.081904 1.465845
0.004364 1.464937
0.023885 1.426288
-0.014823 1.361685
-0.141300 1.382155
-0.107483 1.359296
-0.247840 1.354088
-0.212580 1.296763
-0.300149 1.264587
-0.338915 1.293246
-0.387087 1.225022
-0.431892 1.193073
-0.432139 1.179497
-0.461798 1.217035
-0.431029 1.120930
-0.420976 1.107578
-0.350840 1.104175
-0.400072 1.103536
-0.324372 1.033921
-0.260613 1.011980
-0.206671 1.009094
-0.228124 1.037541
-0.080269 1.044598
-0.035693 0.996372
0.002821 0.989184
0.063511 0.953666
0.122948 0.899355
0.266435 0.934687
0.278087 0.875843
0.375964 0.816214
0.359291 0.847548
0.397960 0.854945
0.442681 0.816737
0.409907 0.819746
0.453621 0.744898
0.376015 0.758570
0.375383 0.672115
0.349244 0.694041
0.273009 0.649422
0.199677 0.646861
0.154750 0.621375
0.068372 0.573697
-0.030271 0.640419
-0.170404 0.569382
-0.262462 0.521119
-0.340632 0.560101
-0.432880 0.562811
-0.477469 0.515481
-0.600504 0.463853
-0.680892 0.433068
-0.675857 0.446611
-0.687049 0.405363
-0.763066 0.439266
-0.668840 0.389240
-0.661155 0.378660
-0.654147 0.289434
-0.596682 0.338140
-0.542750 0.286665
-0.402712 0.305415
-0.404422 0.291606
-0.215392 0.217304
-0.179286 0.180793
-0.043291 0.174142
0.130248 0.150295
0.233773 0.168374
0.334088 0.092383
0.439440 0.069020
0.525142 0.085831
0.566606 0.094490
0.654228 0.015075
