2.506927
-0.040570 2.069269
-0.143863 2.011542
-0.101449 2.053986
-0.087560 1.949353
-0.073065 1.952526
-0.103480 1.934668
-0.143701 1.968841
-0.095602 1.870676
-0.160628 1.898379
-0.101122 1.841179
-0.151907 1.897247
-0.087035 1.805855
-0.043220 1.797696
-0.077809 1.782986
-0.048399 1.717709
-0.009223 1.762480
0.016332 1.704179
0.030405 1.724293
0.019157 1.689663
0.053530 1.690376
0.124982 1.648240
0.114933 1.609847
0.058685 1.633092
0.094807 1.553071
0.085387 1.570497
0.179298 1.569744
0.133826 1.533983
0.115436 1.497034
0.105631 1.484771
0.068173 1.502142
0.074735 1.465845
-0.002347 1.464937
0.016507 1.426288
-0.022329 1.361685
-0.150109 1.382155
-0.116572 1.359296
-0.255293 1.354088
-0.219306 1.296763
-0.308460 1.264587
-0.344410 1.293246
-0.392242 1.225022
-0.435182 1.193073
-0.434200 1.179497
-0.460467 1.217035
-0.430088 1.120930
-0.417075 1.107578
-0.345569 1.104175
-0.392631 1.103536
-0.316560 1.033921
-0.249713 1.011980
-0.194356 1.009094
-0.215267 1.037541
-0.066086 1.044598
-0.021357 0.996372
0.015755 0.989184
0.077985 0.953666
0.136109 0.899355
0.277244 0.934687
0.289712 0.875843
0.383651 0.816214
0.363970 0.847548
0.399622 0.854945
0.445797 0.816737
0.407670 0.819746
0.450676 0.744898
0.369161 0.758570
0.365403 0.672115
0.339299 0.694041
0.259065 0.649422
0.184934 0.646861
0.137493 0.621375
0.050824 0.573697
-0.047873 0.640419
-0.189518 0.569382
-0.281521 0.521119
-0.359070 0.560101
-0.448258 0.562811
-0.491654 0.515481
-0.611153 0.463853
-0.690077 0.433068
-0.681293 0.446611
-0.688958 0.405363
-0.762911 0.439266
-0.664617 0.389240
-0.652858 0.378660
-0.642346 0.289434
-0.583931 0.338140
-0.524514 0.286665
-0.383835 0.305415
-0.382310 0.291606
-0.193133 0.217304
-0.156591 0.180793
-0.019563 0.174142
0.154848 0.150295
0.256496 0.168374
0.353572 0.092383
0.456912 0.069020
0.541680 0.085831
0.579534 0.094490
0.664822 0.015075
