0.253866
0.009826 2.069269
0.075382 2.011542
0.073565 2.053986
0.040018 1.949353
0.015456 1.952526
0.076503 1.934668
0.060940 1.968841
-0.003653 1.870676
0.038143 1.898379
-0.002676 1.841179
0.020656 1.897247
-0.002414 1.805855
-0.059877 1.797696
-0.040621 1.782986
-0.092964 1.717709
-0.092770 1.762480
-0.117545 1.704179
-0.089111 1.724293
-0.059383 1.689663
-0.093758 1.690376
-0.146212 1.648240
-0.137358 1.609847
-0.072127 1.633092
-0.082099 1.553071
-0.059675 1.570497
-0.073668 1.569744
-0.027315 1.533983
0.026981 1.497034
0.053635 1.484771
0.133270 1.502142
0.129170 1.465845
0.165600 1.464937
0.170280 1.426288
0.197433 1.361685
0.308276 1.382155
0.294424 1.359296
0.340148 1.354088
0.300121 1.296763
0.394013 1.264587
0.347353 1.293246
0.368622 1.225022
0.349533 1.193073
0.318851 1.179497
0.252128 1.217035
0.242869 1.120930
0.162418 1.107578
0.084708 1.104175
0.060711 1.103536
0.004602 1.033921
-0.112266 1.011980
-0.181103 1.009094
-0.181427 1.037541
-0.306106 1.044598
-0.337499 0.996372
-0.326131 0.989184
-0.402296 0.953666
-0.406099 0.899355
-0.435827 0.934687
-0.463482 0.875843
-0.425230 0.816214
-0.339493 0.847548
-0.287717 0.854945
-0.351843 0.816737
-0.197320 0.819746
-0.206599 0.744898
-0.060564 0.758570
0.018231 0.672115
0.033512 0.694041
0.180929 0.649422
0.246332 0.646861
0.337156 0.621375
0.397858 0.573697
0.460199 0.640419
0.584721 0.569382
0.640281 0.521119
0.673011 0.560101
0.653316 0.562811
0.650950 0.515481
0.638335 0.463853
0.651331 0.433068
0.554163 0.446611
0.472632 0.405363
0.467863 0.439266
0.307577 0.389240
0.200670 0.378660
0.108426 0.289434
0.049086 0.338140
-0.121838 0.286665
-0.224470 0.305415
-0.304557 0.291606
-0.425094 0.217304
-0.458366 0.180793
-0.568366 0.174142
-0.697523 0.150295
-0.714430 0.168374
-0.695219 0.092383
-0.709874 0.069020
-0.739439 0.085831
-0.674531 0.094490
-0.670183 0.015075
