2.538661
-0.039906 2.069269
-0.143164 2.011542
-0.101790 2.053986
-0.086895 1.949353
-0.071776 1.952526
-0.103888 1.934668
-0.142416 1.968841
-0.092940 1.870676
-0.157966 1.898379
-0.098355 1.841179
-0.148759 1.897247
-0.084649 1.805855
-0.039637 1.797696
-0.074103 1.782986
-0.043327 1.717709
-0.005188 1.762480
0.020707 1.704179
0.033249 1.724293
0.021081 1.689663
0.055956 1.690376
0.127675 1.648240
0.117528 1.609847
0.060091 1.633092
0.095671 1.553071
0.085582 1.570497
0.177598 1.569744
0.131426 1.533983
0.111300 1.497034
0.100662 1.484771
0.060933 1.502142
0.067490 1.465845
-0.009055 1.464937
0.009113 1.426288
-0.029814 1.361685
-0.158766 1.382155
-0.125545 1.359296
-0.262489 1.354088
-0.225811 1.296763
-0.316460 1.264587
-0.349558 1.293246
-0.397003 1.225022
-0.438034 1.193073
-0.435824 1.179497
-0.458673 1.217035
-0.428714 1.120930
-0.412754 1.107578
-0.339951 1.104175
-0.384794 1.103536
-0.308429 1.033921
-0.238561 1.011980
-0.181845 1.009094
-0.202194 1.037541
-0.051836 1.044598
-0.006999 0.996372
0.028673 0.989184
0.092381 0.953666
0.149133 0.899355
0.287775 0.934687
0.301045 0.875843
0.390952 0.816214
0.368283 0.847548
0.400882 0.854945
0.448464 0.816737
0.405023 0.819746
0.447278 0.744898
0.361935 0.758570
0.355055 0.672115
0.329013 0.694041
0.244861 0.649422
0.170004 0.646861
0.120097 0.621375
0.033224 0.573697
-0.065428 0.640419
-0.208440 0.569382
-0.300297 0.521119
-0.377145 0.560101
-0.463185 0.562811
-0.505343 0.515481
-0.621186 0.463853
-0.698568 0.433068
-0.686042 0.446611
-0.690173 0.405363
-0.761987 0.439266
-0.659724 0.389240
-0.643904 0.378660
-0.629898 0.289434
-0.570592 0.338140
-0.505749 0.286665
-0.364572 0.305415
-0.359813 0.291606
-0.170680 0.217304
-0.133738 0.180793
0.004185 0.174142
0.179293 0.150295
0.278960 0.168374
0.372700 0.092383
0.473923 0.069020
0.557672 0.085831
0.591878 0.094490
0.674747 0.015075
