2.570394
-0.039201 2.069269
-0.142321 2.011542
-0.102029 2.053986
-0.086142 1.949353
-0.070416 1.952526
-0.104191 1.934668
-0.140987 1.968841
-0.090185 1.870676
-0.155145 1.898379
-0.095489 1.841179
-0.145462 1.897247
-0.082178 1.805855
-0.036013 1.797696
-0.070323 1.782986
-0.038211 1.717709
-0.001148 1.762480
0.025062 1.704179
0.036059 1.724293
0.022984 1.689663
0.058325 1.690376
0.130239 1.648240
0.120004 1.609847
0.061437 1.633092
0.096439 1.553071
0.085691 1.570497
0.175718 1.569744
0.128893 1.533983
0.107051 1.497034
0.095592 1.484771
0.053633 1.502142
0.060178 1.465845
-0.015753 1.464937
0.001709 1.426288
-0.037267 1.361685
-0.167263 1.382155
-0.134390 1.359296
-0.269420 1.354088
-0.232089 1.296763
-0.324142 1.264587
-0.354355 1.293246
-0.401364 1.225022
-0.440445 1.193073
-0.437008 1.179497
-0.456417 1.217035
-0.426908 1.120930
-0.408017 1.107578
-0.333990 1.104175
-0.376570 1.103536
-0.299988 1.033921
-0.227169 1.011980
-0.169151 1.009094
-0.188917 1.037541
-0.037534 1.044598
0.007366 0.996372
0.041561 0.989184
0.106684 0.953666
0.162006 0.899355
0.298015 0.934687
0.312075 0.875843
0.397859 0.816214
0.372226 0.847548
0.401738 0.854945
0.450680 0.816737
0.401968 0.819746
0.443430 0.744898
0.354345 0.758570
0.344349 0.672115
0.318395 0.694041
0.230410 0.649422
0.154903 0.646861
0.102580 0.621375
0.015591 0.573697
-0.082916 0.640419
-0.227152 0.569382
-0.318770 0.521119
-0.394841 0.560101
-0.477645 0.562811
-0.518524 0.515481
-0.630594 0.463853
-0.706355 0.433068
-0.690101 0.446611
-0.690693 0.405363
-0.760297 0.439266
-0.654167 0.389240
-0.634302 0.378660
-0.616815 0.289434
-0.556679 0.338140
-0.486475 0.286665
-0.344942 0.305415
-0.336954 0.291606
-0.148056 0.217304
-0.110751 0.180793
0.027929 0.174142
0.203557 0.150295
0.301144 0.168374
0.391453 0.092383
0.490457 0.069020
0.573103 0.085831
0.603626 0.094490
0.683993 0.015075
