2.602127
-0.038457 2.069269
-0.141334 2.011542
-0.102165 2.053986
-0.085303 1.949353
-0.068984 1.952526
-0.104390 1.934668
-0.139417 1.968841
-0.087339 1.870676
-0.152168 1.898379
-0.092527 1.841179
-0.142018 1.897247
-0.079624 1.805855
-0.032353 1.797696
-0.066472 1.782986
-0.033057 1.717709
0.002893 1.762480
0.029392 1.704179
0.038833 1.724293
0.024864 1.689663
0.060636 1.690376
0.132672 1.648240
0.122360 1.609847
0.062721 1.633092
0.097111 1.553071
0.085715 1.570497
0.173662 1.569744
0.126231 1.533983
0.102694 1.497034
0.090426 1.484771
0.046278 1.502142
0.052805 1.465845
-0.022436 1.464937
-0.005697 1.426288
-0.044684 1.361685
-0.175592 1.382155
-0.143101 1.359296
-0.276080 1.354088
-0.238133 1.296763
-0.331498 1.264587
-0.358794 1.293246
-0.405321 1.225022
-0.442413 1.193073
-0.437753 1.179497
-0.453701 1.217035
-0.424672 1.120930
-0.402869 1.107578
-0.327692 1.104175
-0.367967 1.103536
-0.291244 1.033921
-0.215549 1.011980
-0.156287 1.009094
-0.175449 1.037541
-0.023194 1.044598
0.021723 0.996372
0.054409 0.989184
0.120880 0.953666
0.174717 0.899355
0.307955 0.934687
0.322791 0.875843
0.404365 0.816214
0.375793 0.847548
0.402189 0.854945
0.452443 0.816737
0.398508 0.819746
0.439135 0.744898
0.346398 0.758570
0.333297 0.672115
0.307456 0.694041
0.215727 0.649422
0.139646 0.646861
0.084960 0.621375
-0.002057 0.573697
-0.100321 0.640419
-0.245636 0.569382
-0.336922 0.521119
-0.412140 0.560101
-0.491625 0.562811
-0.531183 0.515481
-0.639367 0.463853
-0.713431 0.433068
-0.693464 0.446611
-0.690518 0.405363
-0.757840 0.439266
-0.647952 0.389240
-0.624062 0.378660
-0.603111 0.289434
-0.542205 0.338140
-0.466712 0.286665
-0.324964 0.305415
-0.313756 0.291606
-0.125282 0.217304
-0.087652 0.180793
0.051645 0.174142
0.227616 0.150295
0.323024 0.168374
0.409811 0.092383
0.506497 0.069020
0.587956 0.085831
0.614766 0.094490
0.692550 0.015075
