2.633861
-0.037674 2.069269
-0.140205 2.011542
-0.102198 2.053986
-0.084377 1.949353
-0.067483 1.952526
-0.104483 1.934668
-0.137706 1.968841
-0.084405 1.870676
-0.149037 1.898379
-0.089472 1.841179
-0.138431 1.897247
-0.076990 1.805855
-0.028661 1.797696
-0.062555 1.782986
-0.027869 1.717709
0.006931 1.762480
0.033692 1.704179
0.041568 1.724293
0.026718 1.689663
0.062886 1.690376
0.134971 1.648240
0.124592 1.609847
0.063942 1.633092
0.097684 1.553071
0.085651 1.570497
0.171431 1.569744
0.123441 1.533983
0.098235 1.497034
0.085169 1.484771
0.038876 1.502142
0.045379 1.465845
-0.029096 1.464937
-0.013096 1.426288
-0.052055 1.361685
-0.183744 1.382155
-0.151667 1.359296
-0.282463 1.354088
-0.243938 1.296763
-0.338519 1.264587
-0.362873 1.293246
-0.408870 1.225022
-0.443935 1.193073
-0.438057 1.179497
-0.450529 1.217035
-0.422008 1.120930
-0.397316 1.107578
-0.321065 1.104175
-0.358994 1.103536
-0.282207 1.033921
-0.203711 1.011980
-0.143265 1.009094
-0.161805 1.037541
-0.008830 1.044598
0.036059 0.996372
0.067201 0.989184
0.134954 0.953666
0.187252 0.899355
0.317586 0.934687
0.333181 0.875843
0.410464 0.816214
0.378982 0.847548
0.402236 0.854945
0.453749 0.816737
0.394647 0.819746
0.434398 0.744898
0.338102 0.758570
0.321910 0.672115
0.296208 0.694041
0.200827 0.649422
0.124249 0.646861
0.067255 0.621375
-0.019704 0.573697
-0.117625 0.640419
-0.263872 0.569382
-0.354735 0.521119
-0.429023 0.560101
-0.505109 0.562811
-0.543306 0.515481
-0.647496 0.463853
-0.719789 0.433068
-0.696130 0.446611
-0.689647 0.405363
-0.754621 0.439266
-0.641084 0.389240
-0.613192 0.378660
-0.588800 0.289434
-0.527185 0.338140
-0.446478 0.286665
-0.304660 0.305415
-0.290241 0.291606
-0.102382 0.217304
-0.064465 0.180793
0.075309 0.174142
0.251446 0.150295
0.344579 0.168374
0.427757 0.092383
0.522028 0.069020
0.602218 0.085831
0.625287 0.094490
0.700409 0.015075
