2.665594
-0.036853 2.069269
-0.138935 2.011542
-0.102128 2.053986
-0.083367 1.949353
-0.065914 1.952526
-0.104471 1.934668
-0.135856 1.968841
-0.081386 1.870676
-0.145757 1.898379
-0.086327 1.841179
-0.134704 1.897247
-0.074278 1.805855
-0.024940 1.797696
-0.058574 1.782986
-0.022654 1.717709
0.010962 1.762480
0.037959 1.704179
0.044261 1.724293
0.028546 1.689663
0.065073 1.690376
0.137134 1.648240
0.126699 1.609847
0.065098 1.633092
0.098159 1.553071
0.085502 1.570497
0.169027 1.569744
0.120528 1.533983
0.093676 1.497034
0.079826 1.484771
0.031436 1.502142
0.037908 1.465845
-0.035727 1.464937
-0.020483 1.426288
-0.059374 1.361685
-0.191711 1.382155
-0.160081 1.359296
-0.288560 1.354088
-0.249497 1.296763
-0.345200 1.264587
-0.366586 1.293246
-0.412007 1.225022
-0.445010 1.193073
-0.437920 1.179497
-0.446903 1.217035
-0.418920 1.120930
-0.391363 1.107578
-0.314115 1.104175
-0.349659 1.103536
-0.272886 1.033921
-0.191668 1.011980
-0.130099 1.009094
-0.147998 1.037541
0.005542 1.044598
0.050358 0.996372
0.079925 0.989184
0.148891 0.953666
0.199598 0.899355
0.326896 0.934687
0.343237 0.875843
0.416150 0.816214
0.381789 0.847548
0.401877 0.854945
0.454599 0.816737
0.390388 0.819746
0.429223 0.744898
0.329466 0.758570
0.310198 0.672115
0.284662 0.694041
0.185725 0.649422
0.108726 0.646861
0.049481 0.621375
-0.037331 0.573697
-0.134810 0.640419
-0.281843 0.569382
-0.372191 0.521119
-0.445474 0.560101
-0.518085 0.562811
-0.554883 0.515481
-0.654974 0.463853
-0.725421 0.433068
-0.698094 0.446611
-0.688082 0.405363
-0.750642 0.439266
-0.633570 0.389240
-0.601706 0.378660
-0.573897 0.289434
-0.511634 0.338140
-0.425795 0.286665
-0.284048 0.305415
-0.266434 0.291606
-0.079379 0.217304
-0.041213 0.180793
0.098897 0.174142
0.275023 0.150295
0.365787 0.168374
0.445272 0.092383
0.537032 0.069020
0.615873 0.085831
0.635179 0.094490
0.707563 0.015075
