2.697327
-0.035995 2.069269
-0.137525 2.011542
-0.101955 2.053986
-0.082273 1.949353
-0.064279 1.952526
-0.104354 1.934668
-0.133870 1.968841
-0.078285 1.870676
-0.142329 1.898379
-0.083094 1.841179
-0.130843 1.897247
-0.071492 1.805855
-0.021194 1.797696
-0.054534 1.782986
-0.017415 1.717709
0.014982 1.762480
0.042187 1.704179
0.046909 1.724293
0.030345 1.689663
0.067194 1.690376
0.139159 1.648240
0.128678 1.609847
0.066189 1.633092
0.098535 1.553071
0.085266 1.570497
0.166453 1.569744
0.117492 1.533983
0.089023 1.497034
0.074403 1.484771
0.023964 1.502142
0.030398 1.465845
-0.042322 1.464937
-0.027849 1.426288
-0.066634 1.361685
-0.199485 1.382155
-0.168333 1.359296
-0.294368 1.354088
-0.254804 1.296763
-0.351534 1.264587
-0.369930 1.293246
-0.414729 1.225022
-0.445637 1.193073
-0.437342 1.179497
-0.442827 1.217035
-0.415409 1.120930
-0.385015 1.107578
-0.306848 1.104175
-0.339972 1.103536
-0.263290 1.033921
-0.179432 1.011980
-0.116802 1.009094
-0.134042 1.037541
0.019908 1.044598
0.064606 0.996372
0.092570 0.989184
0.162679 0.953666
0.211743 0.899355
0.335877 0.934687
0.352946 0.875843
0.421417 0.816214
0.384212 0.847548
0.401114 0.854945
0.454991 0.816737
0.385737 0.819746
0.423616 0.744898
0.320498 0.758570
0.298173 0.672115
0.272829 0.694041
0.170435 0.649422
0.093094 0.646861
0.031658 0.621375
-0.054920 0.573697
-0.151860 0.640419
-0.299529 0.569382
-0.389272 0.521119
-0.461477 0.560101
-0.530539 0.562811
-0.565901 0.515481
-0.661791 0.463853
-0.730324 0.433068
-0.699356 0.446611
-0.685824 0.405363
-0.745907 0.439266
-0.625419 0.389240
-0.589613 0.378660
-0.558415 0.289434
-0.495568 0.338140
-0.404683 0.286665
-0.263150 0.305415
-0.242359 0.291606
-0.056296 0.217304
-0.017920 0.180793
0.122386 0.174142
0.298322 0.150295
0.386627 0.168374
0.462339 0.092383
0.551496 0.069020
0.628908 0.085831
0.644431 0.094490
0.714005 0.015075
