2.729060
-0.035101 2.069269
-0.135977 2.011542
-0.101680 2.053986
-0.081096 1.949353
-0.062579 1.952526
-0.104132 1.934668
-0.131748 1.968841
-0.075105 1.870676
-0.138759 1.898379
-0.079778 1.841179
-0.126849 1.897247
-0.068634 1.805855
-0.017426 1.797696
-0.050440 1.782986
-0.012159 1.717709
0.018988 1.762480
0.046372 1.704179
0.049511 1.724293
0.032114 1.689663
0.069247 1.690376
0.141044 1.648240
0.130528 1.609847
0.067213 1.633092
0.098812 1.553071
0.084945 1.570497
0.163712 1.569744
0.114339 1.533983
0.084280 1.497034
0.068905 1.484771
0.016467 1.502142
0.022857 1.465845
-0.048875 1.464937
-0.035187 1.426288
-0.073826 1.361685
-0.207058 1.382155
-0.176416 1.359296
-0.299879 1.354088
-0.259855 1.296763
-0.357513 1.264587
-0.372901 1.293246
-0.417034 1.225022
-0.445815 1.193073
-0.436323 1.179497
-0.438304 1.217035
-0.411481 1.120930
-0.378280 1.107578
-0.299272 1.104175
-0.329942 1.103536
-0.253430 1.033921
-0.167016 1.011980
-0.103388 1.009094
-0.119951 1.037541
0.034255 1.044598
0.078790 0.996372
0.105121 0.989184
0.176304 0.953666
0.223675 0.899355
0.344521 0.934687
0.362300 0.875843
0.426260 0.816214
0.386248 0.847548
0.399947 0.854945
0.454925 0.816737
0.380697 0.819746
0.417583 0.744898
0.311208 0.758570
0.285849 0.672115
0.260721 0.694041
0.154975 0.649422
0.077368 0.646861
0.013803 0.621375
-0.072454 0.573697
-0.168757 0.640419
-0.316915 0.569382
-0.405961 0.521119
-0.477015 0.560101
-0.542459 0.562811
-0.576349 0.515481
-0.667943 0.463853
-0.734491 0.433068
-0.699913 0.446611
-0.682875 0.405363
-0.740421 0.439266
-0.616638 0.389240
-0.576927 0.378660
-0.542371 0.289434
-0.479003 0.338140
-0.383163 0.286665
-0.241988 0.305415
-0.218040 0.291606
-0.033157 0.217304
0.005392 0.180793
0.145751 0.174142
0.321322 0.150295
0.407077 0.168374
0.478940 0.092383
0.565405 0.069020
0.641310 0.085831
0.653034 0.094490
0.719728 0.015075
