2.760794
-0.034172 2.069269
-0.134291 2.011542
-0.101302 2.053986
-0.079837 1.949353
-0.060816 1.952526
-0.103805 1.934668
-0.129494 1.968841
-0.071850 1.870676
-0.135048 1.898379
-0.076382 1.841179
-0.122727 1.897247
-0.065706 1.805855
-0.013641 1.797696
-0.046294 1.782986
-0.006891 1.717709
0.022974 1.762480
0.050511 1.704179
0.052062 1.724293
0.033850 1.689663
0.071231 1.690376
0.142787 1.648240
0.132246 1.609847
0.068169 1.633092
0.098990 1.553071
0.084538 1.570497
0.160806 1.569744
0.111070 1.533983
0.079452 1.497034
0.063337 1.484771
0.008954 1.502142
0.015294 1.465845
-0.055378 1.464937
-0.042489 1.426288
-0.080944 1.361685
-0.214423 1.382155
-0.184322 1.359296
-0.305087 1.354088
-0.264645 1.296763
-0.363132 1.264587
-0.375497 1.293246
-0.418919 1.225022
-0.445544 1.193073
-0.434866 1.179497
-0.433341 1.217035
-0.407138 1.120930
-0.371164 1.107578
-0.291395 1.104175
-0.319581 1.103536
-0.243313 1.033921
-0.154431 1.011980
-0.089869 1.009094
-0.105739 1.037541
0.048567 1.044598
0.092894 0.996372
0.117566 0.989184
0.189750 0.953666
0.235382 0.899355
0.352817 0.934687
0.371290 0.875843
0.430673 0.816214
0.387896 0.847548
0.398377 0.854945
0.454400 0.816737
0.375274 0.819746
0.411129 0.744898
0.301604 0.758570
0.273236 0.672115
0.248351 0.694041
0.139358 0.649422
0.061564 0.646861
-0.004066 0.621375
-0.089915 0.573697
-0.185484 0.640419
-0.333981 0.569382
-0.422242 0.521119
-0.492073 0.560101
-0.553832 0.562811
-0.586217 0.515481
-0.673422 0.463853
-0.737918 0.433068
-0.699766 0.446611
-0.679239 0.405363
-0.734189 0.439266
-0.607236 0.389240
-0.563660 0.378660
-0.525781 0.289434
-0.461956 0.338140
-0.361258 0.286665
-0.220582 0.305415
-0.193502 0.291606
-0.009984 0.217304
0.028698 0.180793
0.168969 0.174142
0.343997 0.150295
0.427118 0.168374
0.495059 0.092383
0.578744 0.069020
0.653066 0.085831
0.660980 0.094490
0.724726 0.015075
