2.792527
-0.033208 2.069269
-0.132471 2.011542
-0.100823 2.053986
-0.078498 1.949353
-0.058992 1.952526
-0.103373 1.934668
-0.127110 1.968841
-0.068522 1.870676
-0.131202 1.898379
-0.072909 1.841179
-0.118482 1.897247
-0.062712 1.805855
-0.009842 1.797696
-0.042103 1.782986
-0.001616 1.717709
0.026936 1.762480
0.054599 1.704179
0.054561 1.724293
0.035552 1.689663
0.073143 1.690376
0.144387 1.648240
0.133831 1.609847
0.069057 1.633092
0.099068 1.553071
0.084046 1.570497
0.157737 1.569744
0.107690 1.533983
0.074545 1.497034
0.057706 1.484771
0.001432 1.502142
0.007715 1.465845
-0.061825 1.464937
-0.049749 1.426288
-0.087980 1.361685
-0.221572 1.382155
-0.192041 1.359296
-0.309989 1.354088
-0.269167 1.296763
-0.368386 1.264587
-0.377715 1.293246
-0.420382 1.225022
-0.444825 1.193073
-0.432970 1.179497
-0.427941 1.217035
-0.402385 1.120930
-0.363675 1.107578
-0.283224 1.104175
-0.308897 1.103536
-0.232952 1.033921
-0.141691 1.011980
-0.076260 1.009094
-0.091421 1.037541
0.062830 1.044598
0.106905 0.996372
0.129892 0.989184
0.203006 0.953666
0.246852 0.899355
0.360758 0.934687
0.379905 0.875843
0.434653 0.816214
0.389152 0.847548
0.396406 0.854945
0.453419 0.816737
0.369473 0.819746
0.404261 0.744898
0.291696 0.758570
0.260349 0.672115
0.235731 0.694041
0.123600 0.649422
0.045699 0.646861
-0.021930 0.621375
-0.107286 0.573697
-0.202024 0.640419
-0.350711 0.569382
-0.438097 0.521119
-0.506635 0.560101
-0.564648 0.562811
-0.595494 0.515481
-0.678222 0.463853
-0.740603 0.433068
-0.698914 0.446611
-0.674919 0.405363
-0.727219 0.439266
-0.597222 0.389240
-0.549825 0.378660
-0.508661 0.289434
-0.444443 0.338140
-0.338989 0.286665
-0.198953 0.305415
-0.168769 0.291606
0.013199 0.217304
0.051975 0.180793
0.192018 0.174142
0.366327 0.150295
0.446728 0.168374
0.510680 0.092383
0.591501 0.069020
0.664164 0.085831
0.668260 0.094490
0.728994 0.015075
