2.824260
-0.032210 2.069269
-0.130517 2.011542
-0.100241 2.053986
-0.077080 1.949353
-0.057108 1.952526
-0.102838 1.934668
-0.124598 1.968841
-0.065125 1.870676
-0.127223 1.898379
-0.069363 1.841179
-0.114118 1.897247
-0.059656 1.805855
-0.006034 1.797696
-0.037868 1.782986
0.003661 1.717709
0.030872 1.762480
0.058632 1.704179
0.057005 1.724293
0.037218 1.689663
0.074981 1.690376
0.145840 1.648240
0.135281 1.609847
0.069876 1.633092
0.099046 1.553071
0.083469 1.570497
0.154510 1.569744
0.104201 1.533983
0.069562 1.497034
0.052017 1.484771
-0.006091 1.502142
0.000128 1.465845
-0.068211 1.464937
-0.056959 1.426288
-0.094928 1.361685
-0.228497 1.382155
-0.199568 1.359296
-0.314579 1.354088
-0.273419 1.296763
-0.373269 1.264587
-0.379552 1.293246
-0.421421 1.225022
-0.443658 1.193073
-0.430638 1.179497
-0.422111 1.217035
-0.397227 1.120930
-0.355819 1.107578
-0.274769 1.104175
-0.297903 1.103536
-0.222357 1.033921
-0.128808 1.011980
-0.062574 1.009094
-0.077010 1.037541
0.077030 1.044598
0.120808 0.996372
0.142088 0.989184
0.216057 0.953666
0.258073 0.899355
0.368335 0.934687
0.388138 0.875843
0.438195 0.816214
0.390017 0.847548
0.394036 0.854945
0.451980 0.816737
0.363299 0.819746
0.396987 0.744898
0.281495 0.758570
0.247199 0.672115
0.222873 0.694041
0.107719 0.649422
0.029787 0.646861
-0.039773 0.621375
-0.124548 0.573697
-0.218361 0.640419
-0.367087 0.569382
-0.453511 0.521119
-0.520688 0.560101
-0.574896 0.562811
-0.604172 0.515481
-0.682340 0.463853
-0.742541 0.433068
-0.697358 0.446611
-0.669920 0.405363
-0.719516 0.439266
-0.586607 0.389240
-0.535437 0.378660
-0.491030 0.289434
-0.426484 0.338140
-0.316379 0.286665
-0.177125 0.305415
-0.143865 0.291606
0.036369 0.217304
0.075200 0.180793
0.214873 0.174142
0.388288 0.150295
0.465889 0.168374
0.525786 0.092383
0.603661 0.069020
0.674594 0.085831
0.674867 0.094490
0.732529 0.015075
