0.285599
0.008416 2.069269
0.071406 2.011542
0.071277 2.053986
0.037450 1.949353
0.012860 1.952526
0.074206 1.934668
0.056606 1.968841
-0.007653 1.870676
0.032540 1.898379
-0.006878 1.841179
0.014968 1.897247
-0.006033 1.805855
-0.063157 1.797696
-0.044829 1.782986
-0.097292 1.717709
-0.095492 1.762480
-0.119848 1.704179
-0.090121 1.724293
-0.060100 1.689663
-0.093940 1.690376
-0.144798 1.648240
-0.136131 1.609847
-0.071551 1.633092
-0.080298 1.553071
-0.057693 1.570497
-0.068200 1.569744
-0.022535 1.533983
0.032382 1.497034
0.059308 1.484771
0.139425 1.502142
0.135489 1.465845
0.169689 1.464937
0.175258 1.426288
0.201510 1.361685
0.309931 1.382155
0.297099 1.359296
0.338308 1.354088
0.298741 1.296763
0.391361 1.264587
0.342053 1.293246
0.361904 1.225022
0.340577 1.193073
0.309159 1.179497
0.239677 1.217035
0.231426 1.120930
0.149473 1.107578
0.072723 1.104175
0.046195 1.103536
-0.008222 1.033921
-0.125311 1.011980
-0.193625 1.009094
-0.194812 1.037541
-0.316544 1.044598
-0.346902 0.996372
-0.333729 0.989184
-0.409275 0.953666
-0.410799 0.899355
-0.435508 0.934687
-0.463352 0.875843
-0.420293 0.816214
-0.333194 0.847548
-0.278652 0.854945
-0.342512 0.816737
-0.185642 0.819746
-0.193397 0.744898
-0.047004 0.758570
0.033629 0.672115
0.048229 0.694041
0.196091 0.649422
0.260117 0.646861
0.351298 0.621375
0.409991 0.573697
0.469873 0.640419
0.591751 0.569382
0.644955 0.521119
0.675342 0.560101
0.651502 0.562811
0.647303 0.515481
0.629485 0.463853
0.639582 0.433068
0.540318 0.446611
0.456413 0.405363
0.448500 0.439266
0.288182 0.389240
0.179054 0.378660
0.084908 0.289434
0.026456 0.338140
-0.146358 0.286665
-0.245834 0.305415
-0.327883 0.291606
-0.443732 0.217304
-0.476351 0.180793
-0.583529 0.174142
-0.708822 0.150295
-0.722001 0.168374
-0.698335 0.092383
-0.709137 0.069020
-0.735984 0.085831
-0.667887 0.094490
-0.659943 0.015075
