2.855993
-0.031181 2.069269
-0.128431 2.011542
-0.099559 2.053986
-0.075584 1.949353
-0.055167 1.952526
-0.102198 1.934668
-0.121960 1.968841
-0.061663 1.870676
-0.123117 1.898379
-0.065746 1.841179
-0.109639 1.897247
-0.056539 1.805855
-0.002219 1.797696
-0.033596 1.782986
0.008934 1.717709
0.034777 1.762480
0.062606 1.704179
0.059391 1.724293
0.038847 1.689663
0.076744 1.690376
0.147147 1.648240
0.136595 1.609847
0.070623 1.633092
0.098924 1.553071
0.082808 1.570497
0.151128 1.569744
0.100607 1.533983
0.064509 1.497034
0.046275 1.484771
-0.013608 1.502142
-0.007459 1.465845
-0.074527 1.464937
-0.064111 1.426288
-0.101780 1.361685
-0.235193 1.382155
-0.206893 1.359296
-0.318852 1.354088
-0.277396 1.296763
-0.377776 1.264587
-0.381007 1.293246
-0.422037 1.225022
-0.442044 1.193073
-0.427873 1.179497
-0.415855 1.217035
-0.391669 1.120930
-0.347605 1.107578
-0.266036 1.104175
-0.286608 1.103536
-0.211537 1.033921
-0.115796 1.011980
-0.048825 1.009094
-0.062522 1.037541
0.091152 1.044598
0.134589 0.996372
0.154141 0.989184
0.228891 0.953666
0.269034 0.899355
0.375542 0.934687
0.395980 0.875843
0.441295 0.816214
0.390489 0.847548
0.391269 0.854945
0.450087 0.816737
0.356760 0.819746
0.389312 0.744898
0.271010 0.758570
0.233801 0.672115
0.209791 0.694041
0.091728 0.649422
0.013845 0.646861
-0.057576 0.621375
-0.141685 0.573697
-0.234477 0.640419
-0.383094 0.569382
-0.468468 0.521119
-0.534215 0.560101
-0.584564 0.562811
-0.612242 0.515481
-0.685771 0.463853
-0.743733 0.433068
-0.695100 0.446611
-0.664245 0.405363
-0.711088 0.439266
-0.575402 0.389240
-0.520510 0.378660
-0.472904 0.289434
-0.408094 0.338140
-0.293450 0.286665
-0.155118 0.305415
-0.118817 0.291606
0.059502 0.217304
0.098349 0.180793
0.237511 0.174142
0.409857 0.150295
0.484581 0.168374
0.540363 0.092383
0.615215 0.069020
0.684345 0.085831
0.680795 0.094490
0.735326 0.015075
