2.887727
-0.030119 2.069269
-0.126217 2.011542
-0.098777 2.053986
-0.074012 1.949353
-0.053171 1.952526
-0.101456 1.934668
-0.119200 1.968841
-0.058138 1.870676
-0.118886 1.898379
-0.062064 1.841179
-0.105049 1.897247
-0.053365 1.805855
0.001598 1.797696
-0.029289 1.782986
0.014198 1.717709
0.038646 1.762480
0.066517 1.704179
0.061718 1.724293
0.040436 1.689663
0.078429 1.690376
0.148306 1.648240
0.137772 1.609847
0.071300 1.633092
0.098703 1.553071
0.082064 1.570497
0.147593 1.569744
0.096912 1.533983
0.059392 1.497034
0.040486 1.484771
-0.021112 1.502142
-0.015038 1.465845
-0.080769 1.464937
-0.071199 1.426288
-0.108530 1.361685
-0.241652 1.382155
-0.214010 1.359296
-0.322803 1.354088
-0.281093 1.296763
-0.381902 1.264587
-0.382079 1.293246
-0.422227 1.225022
-0.439985 1.193073
-0.424677 1.179497
-0.409181 1.217035
-0.385717 1.120930
-0.339040 1.107578
-0.257036 1.104175
-0.275025 1.103536
-0.200505 1.033921
-0.102667 1.011980
-0.035027 1.009094
-0.047971 1.037541
0.105183 1.044598
0.148235 0.996372
0.166039 0.989184
0.241494 0.953666
0.279725 0.899355
0.382371 0.934687
0.403424 0.875843
0.443952 0.816214
0.390568 0.847548
0.388108 0.854945
0.447740 0.816737
0.349862 0.819746
0.381246 0.744898
0.260253 0.758570
0.220167 0.672115
0.196498 0.694041
0.075646 0.649422
-0.002110 0.646861
-0.075320 0.621375
-0.158680 0.573697
-0.250358 0.640419
-0.398716 0.569382
-0.482954 0.521119
-0.547205 0.560101
-0.593644 0.562811
-0.619695 0.515481
-0.688511 0.463853
-0.744175 0.433068
-0.692142 0.446611
-0.657902 0.405363
-0.701944 0.439266
-0.563617 0.389240
-0.505058 0.378660
-0.454301 0.289434
-0.389294 0.338140
-0.270225 0.286665
-0.132955 0.305415
-0.093649 0.291606
0.082576 0.217304
0.121399 0.180793
0.259911 0.174142
0.431014 0.150295
0.502784 0.168374
0.554396 0.092383
0.626148 0.069020
0.693406 0.085831
0.686037 0.094490
0.737382 0.015075
