2.919460
-0.029028 2.069269
-0.123875 2.011542
-0.097895 2.053986
-0.072366 1.949353
-0.051121 1.952526
-0.100612 1.934668
-0.116319 1.968841
-0.054555 1.870676
-0.114536 1.898379
-0.058318 1.841179
-0.100354 1.897247
-0.050137 1.805855
0.005414 1.797696
-0.024954 1.782986
0.019448 1.717709
0.042477 1.762480
0.070361 1.704179
0.063983 1.724293
0.041985 1.689663
0.080036 1.690376
0.149316 1.648240
0.138810 1.609847
0.071905 1.633092
0.098382 1.553071
0.081237 1.570497
0.143909 1.569744
0.093119 1.533983
0.054214 1.497034
0.034657 1.484771
-0.028594 1.502142
-0.022602 1.465845
-0.086929 1.464937
-0.078215 1.426288
-0.115170 1.361685
-0.247867 1.382155
-0.220912 1.359296
-0.326430 1.354088
-0.284507 1.296763
-0.385644 1.264587
-0.382766 1.293246
-0.421992 1.225022
-0.437483 1.193073
-0.421053 1.179497
-0.402094 1.217035
-0.379376 1.120930
-0.330135 1.107578
-0.247777 1.104175
-0.263165 1.103536
-0.189270 1.033921
-0.089434 1.011980
-0.021194 1.009094
-0.033372 1.037541
0.119108 1.044598
0.161731 0.996372
0.177769 0.989184
0.253854 0.953666
0.290134 0.899355
0.388815 0.934687
0.410461 0.875843
0.446161 0.816214
0.390254 0.847548
0.384556 0.854945
0.444943 0.816737
0.342612 0.819746
0.372795 0.744898
0.249233 0.758570
0.206311 0.672115
0.183007 0.694041
0.059487 0.649422
-0.018064 0.646861
-0.092989 0.621375
-0.175514 0.573697
-0.265987 0.640419
-0.413935 0.569382
-0.496954 0.521119
-0.559645 0.560101
-0.602126 0.562811
-0.626524 0.515481
-0.690558 0.463853
-0.743868 0.433068
-0.688488 0.446611
-0.650897 0.405363
-0.692094 0.439266
-0.551265 0.389240
-0.489098 0.378660
-0.435242 0.289434
-0.370102 0.338140
-0.246729 0.286665
-0.110658 0.305415
-0.068387 0.291606
0.105566 0.217304
0.144327 0.180793
0.282048 0.174142
0.451737 0.150295
0.520482 0.168374
0.567870 0.092383
0.636451 0.069020
0.701769 0.085831
0.690588 0.094490
0.738696 0.015075
