2.951193
-0.027907 2.069269
-0.121408 2.011542
-0.096915 2.053986
-0.070647 1.949353
-0.049019 1.952526
-0.099666 1.934668
-0.113321 1.968841
-0.050917 1.870676
-0.110070 1.898379
-0.054515 1.841179
-0.095557 1.897247
-0.046859 1.805855
0.009224 1.797696
-0.020593 1.782986
0.024678 1.717709
0.046265 1.762480
0.074135 1.704179
0.066183 1.724293
0.043492 1.689663
0.081562 1.690376
0.150175 1.648240
0.139708 1.609847
0.072438 1.633092
0.097962 1.553071
0.080329 1.570497
0.140081 1.569744
0.089233 1.533983
0.048982 1.497034
0.028793 1.484771
-0.036048 1.502142
-0.030144 1.465845
-0.093001 1.464937
-0.085152 1.426288
-0.121694 1.361685
-0.253833 1.382155
-0.227591 1.359296
-0.329728 1.354088
-0.287635 1.296763
-0.388998 1.264587
-0.383067 1.293246
-0.421332 1.225022
-0.434540 1.193073
-0.417005 1.179497
-0.394603 1.217035
-0.372653 1.120930
-0.320897 1.107578
-0.238268 1.104175
-0.251040 1.103536
-0.177845 1.033921
-0.076112 1.011980
-0.007339 1.009094
-0.018740 1.037541
0.132912 1.044598
0.175065 0.996372
0.189321 0.989184
0.265958 0.953666
0.300250 0.899355
0.394867 0.934687
0.417085 0.875843
0.447922 0.816214
0.389546 0.847548
0.380618 0.854945
0.441697 0.816737
0.335016 0.819746
0.363969 0.744898
0.237962 0.758570
0.192248 0.672115
0.169332 0.694041
0.043268 0.649422
-0.033999 0.646861
-0.110564 0.621375
-0.192172 0.573697
-0.281348 0.640419
-0.428738 0.569382
-0.510453 0.521119
-0.571520 0.560101
-0.610002 0.562811
-0.632722 0.515481
-0.691910 0.463853
-0.742811 0.433068
-0.684140 0.446611
-0.643236 0.405363
-0.681547 0.439266
-0.538357 0.389240
-0.472646 0.378660
-0.415744 0.289434
-0.350537 0.338140
-0.222984 0.286665
-0.088249 0.305415
-0.043056 0.291606
0.128449 0.217304
0.167109 0.180793
0.303902 0.174142
0.472005 0.150295
0.537655 0.168374
0.580773 0.092383
0.646114 0.069020
0.709426 0.085831
0.694444 0.094490
0.739266 0.015075
