2.982926
-0.026758 2.069269
-0.118819 2.011542
-0.095837 2.053986
-0.068856 1.949353
-0.046868 1.952526
-0.098620 1.934668
-0.110209 1.968841
-0.047228 1.870676
-0.105494 1.898379
-0.050656 1.841179
-0.090665 1.897247
-0.043534 1.805855
0.013025 1.797696
-0.016211 1.782986
0.029883 1.717709
0.050006 1.762480
0.077833 1.704179
0.068316 1.724293
0.044955 1.689663
0.083005 1.690376
0.150883 1.648240
0.140465 1.609847
0.072898 1.633092
0.097444 1.553071
0.079339 1.570497
0.136112 1.569744
0.085257 1.533983
0.043701 1.497034
0.022900 1.484771
-0.043465 1.502142
-0.037655 1.465845
-0.098980 1.464937
-0.092004 1.426288
-0.128096 1.361685
-0.259543 1.382155
-0.234041 1.359296
-0.332694 1.354088
-0.290473 1.296763
-0.391960 1.264587
-0.382983 1.293246
-0.420248 1.225022
-0.431160 1.193073
-0.412538 1.179497
-0.386715 1.217035
-0.365555 1.120930
-0.311336 1.107578
-0.228520 1.104175
-0.238663 1.103536
-0.166241 1.033921
-0.062713 1.011980
0.006523 1.009094
-0.004088 1.037541
0.146583 1.044598
0.188223 0.996372
0.200682 0.989184
0.277795 0.953666
0.310065 0.899355
0.400521 0.934687
0.423289 0.875843
0.449231 0.816214
0.388447 0.847548
0.376295 0.854945
0.438007 0.816737
0.327083 0.819746
0.354777 0.744898
0.226452 0.758570
0.177991 0.672115
0.155486 0.694041
0.027006 0.649422
-0.049901 0.646861
-0.128028 0.621375
-0.208636 0.573697
-0.296425 0.640419
-0.443110 0.569382
-0.523438 0.521119
-0.582820 0.560101
-0.617264 0.562811
-0.638283 0.515481
-0.692565 0.463853
-0.741007 0.433068
-0.679103 0.446611
-0.634928 0.405363
-0.670313 0.439266
-0.524908 0.389240
-0.455717 0.378660
-0.395827 0.289434
-0.330619 0.338140
-0.199014 0.286665
-0.065752 0.305415
-0.017682 0.291606
0.151204 0.217304
0.189723 0.180793
0.325450 0.174142
0.491798 0.150295
0.554287 0.168374
0.593091 0.092383
0.655125 0.069020
0.716368 0.085831
0.697601 0.094490
0.739091 0.015075
