3.014660
-0.025583 2.069269
-0.116111 2.011542
-0.094662 2.053986
-0.066997 1.949353
-0.044670 1.952526
-0.097475 1.934668
-0.106987 1.968841
-0.043491 1.870676
-0.100811 1.898379
-0.046746 1.841179
-0.085681 1.897247
-0.040165 1.805855
0.016812 1.797696
-0.011813 1.782986
0.035059 1.717709
0.053697 1.762480
0.081453 1.704179
0.070381 1.724293
0.046372 1.689663
0.084366 1.690376
0.151439 1.648240
0.141081 1.609847
0.073284 1.633092
0.096827 1.553071
0.078270 1.570497
0.132005 1.569744
0.081194 1.533983
0.038376 1.497034
0.016984 1.484771
-0.050838 1.502142
-0.045128 1.465845
-0.104860 1.464937
-0.098763 1.426288
-0.134369 1.361685
-0.264992 1.382155
-0.240255 1.359296
-0.335325 1.354088
-0.293019 1.296763
-0.394527 1.264587
-0.382513 1.293246
-0.418741 1.225022
-0.427346 1.193073
-0.407655 1.179497
-0.378437 1.217035
-0.358089 1.120930
-0.301461 1.107578
-0.218541 1.104175
-0.226045 1.103536
-0.154470 1.033921
-0.049250 1.011980
0.020379 1.009094
0.010568 1.037541
0.160107 1.044598
0.201191 0.996372
0.211840 0.989184
0.289352 0.953666
0.319567 0.899355
0.405772 0.934687
0.429067 0.875843
0.450088 0.816214
0.386956 0.847548
0.371594 0.854945
0.433876 0.816737
0.318821 0.819746
0.345228 0.744898
0.214714 0.758570
0.163555 0.672115
0.141483 0.694041
0.010717 0.649422
-0.065751 0.646861
-0.145363 0.621375
-0.224891 0.573697
-0.311204 0.640419
-0.457035 0.569382
-0.535896 0.521119
-0.593533 0.560101
-0.623904 0.562811
-0.643202 0.515481
-0.692523 0.463853
-0.738457 0.433068
-0.673382 0.446611
-0.625980 0.405363
-0.658405 0.439266
-0.510930 0.389240
-0.438330 0.378660
-0.375512 0.289434
-0.310368 0.338140
-0.174845 0.286665
-0.043188 0.305415
0.007710 0.291606
0.173806 0.217304
0.212147 0.180793
0.346670 0.174142
0.511095 0.150295
0.570361 0.168374
0.604812 0.092383
0.663477 0.069020
0.722589 0.085831
0.700055 0.094490
0.738173 0.015075
