3.046393
-0.024381 2.069269
-0.113286 2.011542
-0.093392 2.053986
-0.065069 1.949353
-0.042426 1.952526
-0.096232 1.934668
-0.103656 1.968841
-0.039711 1.870676
-0.096027 1.898379
-0.042790 1.841179
-0.080611 1.897247
-0.036755 1.805855
0.020583 1.797696
-0.007403 1.782986
0.040199 1.717709
0.057334 1.762480
0.084991 1.704179
0.072375 1.724293
0.047743 1.689663
0.085641 1.690376
0.151843 1.648240
0.141555 1.609847
0.073596 1.633092
0.096113 1.553071
0.077122 1.570497
0.127766 1.569744
0.077051 1.533983
0.033011 1.497034
0.011051 1.484771
-0.058161 1.502142
-0.052555 1.465845
-0.110633 1.464937
-0.105422 1.426288
-0.140507 1.361685
-0.270174 1.382155
-0.246228 1.359296
-0.337619 1.354088
-0.295269 1.296763
-0.396697 1.264587
-0.381658 1.293246
-0.416812 1.225022
-0.423101 1.193073
-0.402362 1.179497
-0.369778 1.217035
-0.350263 1.120930
-0.291283 1.107578
-0.208343 1.104175
-0.213199 1.103536
-0.142543 1.033921
-0.035739 1.011980
0.034214 1.009094
0.025213 1.037541
0.173469 1.044598
0.213956 0.996372
0.222786 0.989184
0.300617 0.953666
0.328747 0.899355
0.410615 0.934687
0.434412 0.875843
0.450491 0.816214
0.385076 0.847548
0.366519 0.854945
0.429307 0.816737
0.310238 0.819746
0.335330 0.744898
0.202759 0.758570
0.148954 0.672115
0.127338 0.694041
-0.005583 0.649422
-0.081536 0.646861
-0.162552 0.621375
-0.240918 0.573697
-0.325670 0.640419
-0.470500 0.569382
-0.547814 0.521119
-0.603649 0.560101
-0.629916 0.562811
-0.647473 0.515481
-0.691783 0.463853
-0.735163 0.433068
-0.666983 0.446611
-0.616402 0.405363
-0.645833 0.439266
-0.496437 0.389240
-0.420501 0.378660
-0.354819 0.289434
-0.289805 0.338140
-0.150499 0.286665
-0.020581 0.305415
0.033095 0.291606
0.196233 0.217304
0.234356 0.180793
0.367541 0.174142
0.529878 0.150295
0.585860 0.168374
0.615924 0.092383
0.671161 0.069020
0.728082 0.085831
0.701805 0.094490
0.736511 0.015075
