3.078126
-0.023155 2.069269
-0.110346 2.011542
-0.092028 2.053986
-0.063077 1.949353
-0.040140 1.952526
-0.094891 1.934668
-0.100221 1.968841
-0.035890 1.870676
-0.091146 1.898379
-0.038790 1.841179
-0.075459 1.897247
-0.033309 1.805855
0.024333 1.797696
-0.002986 1.782986
0.045298 1.717709
0.060913 1.762480
0.088444 1.704179
0.074296 1.724293
0.049066 1.689663
0.086830 1.690376
0.152093 1.648240
0.141886 1.609847
0.073835 1.633092
0.095303 1.553071
0.075896 1.570497
0.123398 1.569744
0.072829 1.533983
0.027614 1.497034
0.005106 1.484771
-0.065424 1.502142
-0.059930 1.465845
-0.116296 1.464937
-0.111975 1.426288
-0.146503 1.361685
-0.275084 1.382155
-0.251952 1.359296
-0.339572 1.354088
-0.297223 1.296763
-0.398468 1.264587
-0.380419 1.293246
-0.414464 1.225022
-0.418431 1.193073
-0.396663 1.179497
-0.360746 1.217035
-0.342083 1.120930
-0.280812 1.107578
-0.197934 1.104175
-0.200139 1.103536
-0.130472 1.033921
-0.022191 1.011980
0.048014 1.009094
0.039833 1.037541
0.186656 1.044598
0.226506 0.996372
0.233507 0.989184
0.311580 0.953666
0.337596 0.899355
0.415044 0.934687
0.439321 0.875843
0.450441 0.816214
0.382807 0.847548
0.361075 0.854945
0.424307 0.816737
0.301343 0.819746
0.325096 0.744898
0.190600 0.758570
0.134203 0.672115
0.113065 0.694041
-0.021878 0.649422
-0.097239 0.646861
-0.179577 0.621375
-0.256704 0.573697
-0.339808 0.640419
-0.483491 0.569382
-0.559181 0.521119
-0.613156 0.560101
-0.635293 0.562811
-0.651092 0.515481
-0.690347 0.463853
-0.731129 0.433068
-0.659913 0.446611
-0.606203 0.405363
-0.632612 0.439266
-0.481445 0.389240
-0.402249 0.378660
-0.333768 0.289434
-0.268949 0.338140
-0.126001 0.286665
0.002046 0.305415
0.058446 0.291606
0.218463 0.217304
0.256330 0.180793
0.388042 0.174142
0.548128 0.150295
0.600770 0.168374
0.626415 0.092383
0.678169 0.069020
0.732843 0.085831
0.702848 0.094490
0.734108 0.015075
