3.109859
-0.021906 2.069269
-0.107296 2.011542
-0.090572 2.053986
-0.061021 1.949353
-0.037814 1.952526
-0.093456 1.934668
-0.096686 1.968841
-0.032034 1.870676
-0.086174 1.898379
-0.034751 1.841179
-0.070232 1.897247
-0.029829 1.805855
0.028058 1.797696
0.001435 1.782986
0.050352 1.717709
0.064431 1.762480
0.091807 1.704179
0.076142 1.724293
0.050339 1.689663
0.087931 1.690376
0.152191 1.648240
0.142075 1.609847
0.073999 1.633092
0.094396 1.553071
0.074594 1.570497
0.118905 1.569744
0.068534 1.533983
0.022189 1.497034
-0.000843 1.484771
-0.072622 1.502142
-0.067245 1.465845
-0.121841 1.464937
-0.118416 1.426288
-0.152352 1.361685
-0.279717 1.382155
-0.257423 1.359296
-0.341183 1.354088
-0.298877 1.296763
-0.399837 1.264587
-0.378797 1.293246
-0.411698 1.225022
-0.413339 1.193073
-0.390565 1.179497
-0.351352 1.217035
-0.333560 1.120930
-0.270058 1.107578
-0.187326 1.104175
-0.186877 1.103536
-0.118270 1.033921
-0.008621 1.011980
0.061766 1.009094
0.054412 1.037541
0.199656 1.044598
0.238828 0.996372
0.243993 0.989184
0.322229 0.953666
0.346106 0.899355
0.419056 0.934687
0.443786 0.875843
0.449938 0.816214
0.380154 0.847548
0.355267 0.854945
0.418879 0.816737
0.292144 0.819746
0.314534 0.744898
0.178250 0.758570
0.119317 0.672115
0.098678 0.694041
-0.038150 0.649422
-0.112843 0.646861
-0.196421 0.621375
-0.272230 0.573697
-0.353603 0.640419
-0.495995 0.569382
-0.569984 0.521119
-0.622047 0.560101
-0.640031 0.562811
-0.654055 0.515481
-0.688215 0.463853
-0.726359 0.433068
-0.652178 0.446611
-0.595394 0.405363
-0.618753 0.439266
-0.465967 0.389240
-0.383592 0.378660
-0.312382 0.289434
-0.247824 0.338140
-0.101377 0.286665
0.024672 0.305415
0.083738 0.291606
0.240472 0.217304
0.278045 0.180793
0.408152 0.174142
0.565825 0.150295
0.615075 0.168374
0.636276 0.092383
0.684495 0.069020
0.736865 0.085831
0.703183 0.094490
0.730965 0.015075
